	AR1.141727	AR2.141703	AR3.141705	BB1.141690	BB2.141659	BF1.141647	BF2.141708	BP1.141702	BZ1.141724	CA1.141704	CA2.141685	CC1.141721	CF1.141675	CF2.141679	CF3.141691	CL1.141697	CL2.141671	CL3.141664	CL4.141667	CM1.141723	CO1.141714	CO2.141657	CO3.141651	CR1.141682	DF1.141684	DF2.141726	DF3.141696	GB1.141665	GB2.141732	GB3.141652	GB5.141668	HF1.141663	HF2.141686	HI1.141693	HI2.141672	HI3.141676	HI4.141735	HJ1.141718	HJ2.141717	IE1.141648	IE2.141655	IT1.141711	IT2.141720	JT1.141699	KP1.141713	KP3.141658	KP4.141733	LQ1.141701	LQ2.141729	LQ3.141712	MD2.141689	MD3.141707	MD4.141660	MD5.141688	MP1.141661	MP2.141695	MT1.141719	MT2.141698	PE1.141715	PE2.141725	PE3.141731	PE4.141683	PE5.141692	PE6.141700	PE7.141734	RT1.141654	RT2.141710	SA1.141670	SA2.141687	SB1.141730	SF1.141728	SF2.141677	SK1.141669	SK2.141662	SK3.141716	SN1.141681	SN3.141650	SP1.141656	SP2.141678	SR1.141680	SR2.141673	SR3.141674	SV1.141649	SV2.141666	TL1.141653	TL2.141706	TL3.141709	VC1.141722	VC2.141694
AR1.141727	0.0	0.736196319018	0.737142857143	0.990476190476	0.957746478873	0.952702702703	0.952054794521	0.922651933702	0.994285714286	0.941747572816	0.942708333333	0.878048780488	0.952054794521	0.964539007092	0.984732824427	0.909638554217	0.921658986175	0.928571428571	0.89603960396	0.884792626728	0.977900552486	0.96449704142	0.914438502674	0.871134020619	0.929411764706	0.86320754717	0.942307692308	0.929203539823	0.927966101695	0.911458333333	0.958823529412	0.965277777778	0.978260869565	0.948148148148	0.919786096257	0.882926829268	0.945578231293	0.953947368421	0.922680412371	0.901785714286	0.885964912281	0.952606635071	0.926829268293	0.986666666667	0.828877005348	0.87074829932	0.805405405405	0.963414634146	0.933774834437	0.953333333333	0.972972972973	0.993150684932	1.0	0.986111111111	0.940789473684	0.972413793103	0.956284153005	0.94708994709	0.950354609929	0.965517241379	0.954545454545	0.952702702703	0.96178343949	0.943037974684	0.873737373737	0.90243902439	0.881081081081	0.969543147208	0.979695431472	0.956349206349	0.932367149758	0.960451977401	0.972602739726	0.94578313253	0.957317073171	0.966666666667	0.969543147208	0.920187793427	0.974522292994	0.916666666667	0.95652173913	0.949748743719	0.982456140351	0.982658959538	0.985611510791	0.944099378882	0.96644295302	0.96	0.924623115578
AR2.141703	0.736196319018	0.0	0.774011299435	0.990099009901	0.941176470588	0.958620689655	0.972413793103	0.914772727273	0.988235294118	0.956097560976	0.935828877005	0.892156862745	0.950704225352	0.985714285714	1.0	0.89375	0.909952606635	0.909836065574	0.888324873096	0.88785046729	0.959770114943	0.950920245399	0.888268156425	0.908629441624	0.934131736527	0.860576923077	0.954545454545	0.946902654867	0.926724137931	0.897849462366	0.970238095238	0.964285714286	0.977611940299	0.970149253731	0.893854748603	0.863636363636	0.944055944056	0.938356164384	0.921052631579	0.89497716895	0.888888888889	0.941463414634	0.925	1.0	0.874345549738	0.88275862069	0.887179487179	0.9625	0.931972789116	0.952054794521	0.986301369863	0.992957746479	1.0	1.0	0.953333333333	0.986013986014	0.931428571429	0.940217391304	0.941176470588	0.971830985915	0.946308724832	0.951388888889	0.94701986755	0.927631578947	0.847368421053	0.905940594059	0.890710382514	0.963541666667	0.973958333333	0.95564516129	0.931034482759	0.953488372093	0.964539007092	0.924528301887	0.949685534591	0.958620689655	0.952631578947	0.908212560386	0.960264900662	0.909090909091	0.967032967033	0.948717948718	0.982035928144	0.98224852071	0.992647058824	0.949367088608	0.972602739726	0.94674556213	0.928571428571
AR3.141705	0.737142857143	0.774011299435	0.0	1.0	0.980769230769	0.981595092025	0.987654320988	0.904255319149	0.994623655914	0.924882629108	0.935323383085	0.904545454545	0.987654320988	0.987096774194	0.993006993007	0.927374301676	0.886363636364	0.906614785992	0.896226415094	0.839449541284	0.979166666667	0.983606557377	0.891191709845	0.844221105528	0.933701657459	0.859728506787	0.976744186047	0.941422594142	0.913580246914	0.921568627451	0.955555555556	0.993710691824	1.0	0.952054794521	0.867021276596	0.851674641148	0.975308641975	0.969696969697	0.947368421053	0.920168067227	0.900414937759	0.959641255605	0.9375	1.0	0.776595744681	0.835526315789	0.80412371134	0.971590909091	0.957575757576	0.981818181818	0.987577639752	1.0	0.992857142857	1.0	0.963855421687	0.993710691824	0.931216931217	0.94472361809	0.980769230769	0.987421383648	0.97619047619	0.981595092025	0.976470588235	0.94674556213	0.841584158416	0.854368932039	0.840425531915	0.966183574879	0.960784313725	0.958174904943	0.915887850467	0.934426229508	1.0	0.931034482759	0.983240223464	0.987804878049	0.971153846154	0.928888888889	0.98224852071	0.899497487437	0.948186528497	0.957345971564	0.977900552486	0.966850828729	1.0	0.959770114943	0.98773006135	0.973404255319	0.880597014925
BB1.141690	0.990476190476	0.990099009901	1.0	0.0	1.0	1.0	1.0	1.0	1.0	0.991150442478	0.989795918367	0.992	1.0	1.0	1.0	0.986842105263	1.0	0.993939393939	1.0	1.0	1.0	1.0	0.989795918367	1.0	0.987012987013	1.0	0.983333333333	0.992700729927	0.993243243243	0.990384615385	1.0	1.0	1.0	1.0	1.0	0.991935483871	0.98	1.0	0.990384615385	0.992907801418	0.993288590604	0.991379310345	0.985915492958	1.0	0.991228070175	1.0	1.0	1.0	1.0	1.0	1.0	1.0	1.0	1.0	0.982142857143	1.0	0.988372093023	1.0	0.976744186047	1.0	1.0	1.0	1.0	1.0	1.0	0.991666666667	1.0	0.989795918367	1.0	0.993670886076	0.991379310345	1.0	0.977777777778	1.0	1.0	1.0	0.989795918367	0.992	1.0	0.990291262136	1.0	0.990384615385	1.0	1.0	1.0	1.0	1.0	0.987012987013	1.0
BB2.141659	0.957746478873	0.941176470588	0.980769230769	1.0	0.0	0.671428571429	0.833333333333	0.968992248062	0.86	0.980392156863	0.985611510791	0.923076923077	0.641791044776	0.782608695652	0.796610169492	0.866666666667	0.938271604938	0.869565217391	0.961290322581	0.994413407821	0.957627118644	0.933962264151	0.970802919708	0.987096774194	0.867924528302	0.953216374269	0.788235294118	0.983050847458	0.989417989418	0.942446043165	1.0	0.774647887324	0.80303030303	0.987341772152	0.947368421053	0.975460122699	0.822784810127	0.772151898734	0.814516129032	0.93023255814	0.921348314607	0.953947368421	0.924528301887	1.0	0.97385620915	1.0	0.980769230769	0.897959183673	0.875	0.869047619048	1.0	1.0	1.0	1.0	0.821428571429	0.701492537313	0.97619047619	0.96992481203	0.805555555556	0.724637681159	0.792682926829	0.76	0.865168539326	0.870967741935	0.940789473684	0.993827160494	0.986013986014	0.985611510791	0.992753623188	0.984848484848	0.987261146497	1.0	0.857142857143	0.913461538462	0.827956989247	0.943181818182	0.94776119403	0.969325153374	0.662162162162	0.979020979021	1.0	0.972027972028	1.0	1.0	0.855072463768	0.941176470588	0.789473684211	0.95652173913	0.965986394558
BF1.141647	0.952702702703	0.958620689655	0.981595092025	1.0	0.671428571429	0.0	0.6	0.978102189781	0.858490566038	0.993827160494	1.0	0.885350318471	0.492307692308	0.621212121212	0.677966101695	0.833333333333	0.940828402367	0.844086021505	0.95652173913	0.994623655914	0.984375	0.928571428571	0.972222222222	0.981366459627	0.855855855856	0.960893854749	0.720930232558	0.983695652174	0.989795918367	0.96644295302	1.0	0.597014925373	0.65625	0.976470588235	0.964788732394	0.976470588235	0.73417721519	0.844444444444	0.806201550388	0.889534883721	0.930107526882	0.942675159236	0.90990990991	1.0	0.975	0.990909090909	0.975308641975	0.894230769231	0.835164835165	0.813953488372	1.0	0.989010989011	1.0	1.0	0.767441860465	0.657142857143	0.969696969697	0.941176470588	0.743243243243	0.642857142857	0.623376623377	0.630136986301	0.786516853933	0.795698924731	0.916129032258	0.988095238095	0.986666666667	0.986301369863	1.0	0.990291262136	0.993939393939	1.0	0.882352941176	0.95652173913	0.873786407767	0.936170212766	0.972222222222	0.976608187135	0.781609195402	0.98	1.0	0.986842105263	1.0	1.0	0.911392405063	0.973214285714	0.730769230769	0.967479674797	0.987261146497
BF2.141708	0.952054794521	0.972413793103	0.987654320988	1.0	0.833333333333	0.6	0.0	0.977777777778	0.844660194175	1.0	1.0	0.938650306748	0.736842105263	0.691176470588	0.666666666667	0.841121495327	0.946428571429	0.854838709677	0.955974842767	1.0	0.984126984127	0.955752212389	0.979020979021	0.9875	0.863636363636	0.972067039106	0.8	0.989071038251	0.994871794872	0.972972972973	1.0	0.626865671642	0.622950819672	0.975903614458	0.978873239437	0.98224852071	0.847058823529	0.879120879121	0.857142857143	0.926136363636	0.940860215054	0.955414012739	0.9375	1.0	0.981132075472	0.990740740741	0.981366459627	0.913461538462	0.857142857143	0.837209302326	1.0	1.0	1.0	1.0	0.790697674419	0.739726027397	0.992481203008	0.932330827068	0.753424657534	0.776315789474	0.761904761905	0.759493670886	0.795454545455	0.842105263158	0.935897435897	0.987951807229	0.986486486486	0.979020979021	1.0	0.99512195122	1.0	1.0	0.865853658537	0.964912280702	0.848484848485	0.94623655914	0.986111111111	0.982352941176	0.881720430108	0.993333333333	1.0	0.993377483444	1.0	1.0	0.909090909091	0.981981981982	0.723684210526	0.96694214876	0.987096774194
BP1.141702	0.922651933702	0.914772727273	0.904255319149	1.0	0.968992248062	0.978102189781	0.977777777778	0.0	0.967948717949	0.846590909091	0.846625766871	0.90306122449	0.970149253731	0.992307692308	1.0	0.935897435897	0.947115384615	0.919491525424	0.927835051546	0.870646766169	0.903225806452	0.933333333333	0.846625766871	0.85393258427	0.981707317073	0.928909952607	0.972602739726	0.892682926829	0.872037914692	0.852071005917	0.934210526316	0.977099236641	0.983870967742	0.967479674797	0.880239520958	0.935323383085	0.978102189781	0.971428571429	0.945652173913	0.973333333333	0.942477876106	0.964824120603	0.954545454545	0.992647058824	0.903225806452	0.847328244275	0.921465968586	0.973509933775	0.979020979021	0.971014492754	0.96992481203	0.976744186047	0.991228070175	0.992307692308	0.964539007092	0.969230769231	0.933333333333	0.942528735632	0.976923076923	0.984962406015	0.979020979021	0.978102189781	0.979310344828	0.972972972973	0.980392156863	0.911917098446	0.877192982456	0.867469879518	0.892857142857	0.912280701754	0.861878453039	0.909677419355	0.992537313433	0.940397350993	0.96	0.978102189781	0.955555555556	0.90306122449	0.986111111111	0.890804597701	0.89375	0.92817679558	0.960784313725	0.926666666667	0.967213114754	0.916083916084	0.97037037037	0.929487179487	0.88202247191
BZ1.141724	0.994285714286	0.988235294118	0.994623655914	1.0	0.86	0.858490566038	0.844660194175	0.967948717949	0.0	0.977777777778	0.975757575758	0.928961748634	0.833333333333	0.88	0.887640449438	0.87786259542	0.947368421053	0.854368932039	0.978378378378	0.985365853659	0.889705882353	0.794871794872	0.963190184049	0.983516483516	0.84375	0.965	0.840707964602	0.954773869347	0.966981132075	0.94578313253	1.0	0.826530612245	0.849462365591	1.0	0.981818181818	0.973684210526	0.919642857143	0.820754716981	0.841059602649	0.929292929293	0.894472361809	0.919075144509	0.88188976378	1.0	0.966480446927	1.0	0.983695652174	0.953846153846	0.967479674797	0.939655172414	1.0	1.0	1.0	1.0	0.778846153846	0.75	0.960264900662	0.854166666667	0.882352941176	0.925925925926	0.885964912281	0.9	0.959677419355	0.944444444444	0.989304812834	0.994736842105	1.0	0.969512195122	0.993975903614	0.986725663717	0.994623655914	1.0	0.765957446809	0.8984375	0.765765765766	0.9	0.94375	0.957446808511	0.855855855856	0.970414201183	1.0	0.988439306358	1.0	0.992907801418	0.824175824176	0.945736434109	0.709677419355	0.816	0.953488372093
CA1.141704	0.941747572816	0.956097560976	0.924882629108	0.991150442478	0.980392156863	0.993827160494	1.0	0.846590909091	0.977777777778	0.0	0.801136363636	0.918181818182	0.987421383648	0.993464052288	1.0	0.95	0.956896551724	0.950943396226	0.930555555556	0.888888888889	0.921787709497	0.929824561404	0.846994535519	0.881773399015	0.978494623656	0.935897435897	0.988304093567	0.831775700935	0.845132743363	0.869791666667	0.871951219512	1.0	0.993243243243	0.958333333333	0.934010152284	0.955947136564	0.98125	0.993975903614	0.951690821256	0.963265306122	0.952	0.939814814815	0.954545454545	0.940397350993	0.898058252427	0.891719745223	0.914691943128	0.994350282486	0.994047619048	0.993902439024	0.933333333333	0.938356164384	0.992700729927	0.986842105263	0.981927710843	0.99358974359	0.906593406593	0.94387755102	0.980392156863	0.993630573248	0.994047619048	0.987577639752	0.994117647059	0.994252873563	0.973333333333	0.921296296296	0.90306122449	0.821229050279	0.845303867403	0.875518672199	0.794736842105	0.857142857143	0.98064516129	0.948275862069	0.977142857143	0.974842767296	0.934343434343	0.882629107981	0.988023952096	0.819672131148	0.816568047337	0.833333333333	0.910179640719	0.904761904762	0.979452054795	0.94674556213	0.9875	0.938547486034	0.861538461538
CA2.141685	0.942708333333	0.935828877005	0.935323383085	0.989795918367	0.985611510791	1.0	1.0	0.846625766871	0.975757575758	0.801136363636	0.0	0.938095238095	0.993103448276	1.0	1.0	0.932515337423	0.949074074074	0.95219123506	0.95145631068	0.880952380952	0.934131736527	0.95	0.867052023121	0.884210526316	0.988439306358	0.931506849315	0.98064516129	0.891509433962	0.85046728972	0.89010989011	0.881578947368	0.992907801418	1.0	0.969465648855	0.951612903226	0.957746478873	0.986301369863	0.986666666667	0.953367875648	0.974248927039	0.93991416309	0.961165048544	0.950310559006	0.933823529412	0.895833333333	0.872340425532	0.919191919192	0.993827160494	0.993464052288	0.993288590604	0.925925925926	0.931297709924	0.975	0.94696969697	0.973333333333	0.992907801418	0.948571428571	0.962162162162	0.978260869565	0.992957746479	0.986842105263	0.986301369863	0.993548387097	0.987341772152	0.976303317536	0.89898989899	0.870056497175	0.886363636364	0.845238095238	0.831050228311	0.849462365591	0.872611464968	0.985815602837	0.962962962963	0.975	1.0	0.940540540541	0.906862745098	0.993464052288	0.870786516854	0.821656050955	0.908108108108	0.908496732026	0.888157894737	0.984848484848	0.955128205128	0.979166666667	0.96449704142	0.904761904762
CC1.141721	0.878048780488	0.892156862745	0.904545454545	0.992	0.923076923077	0.885350318471	0.938650306748	0.90306122449	0.928961748634	0.918181818182	0.938095238095	0.0	0.898089171975	0.955974842767	0.966216216216	0.877094972067	0.928270042194	0.884615384615	0.895454545455	0.921810699588	0.903743315508	0.892045454545	0.933014354067	0.947136563877	0.871508379888	0.850220264317	0.878787878788	0.880341880342	0.899193548387	0.855	0.979274611399	0.930379746835	0.947712418301	0.954838709677	0.922330097087	0.893333333333	0.899371069182	0.908536585366	0.866336633663	0.833333333333	0.82905982906	0.857819905213	0.873563218391	0.988235294118	0.867298578199	0.943181818182	0.884259259259	0.938547486034	0.941520467836	0.952662721893	0.994152046784	0.987878787879	1.0	0.993939393939	0.916167664671	0.930379746835	0.865591397849	0.84126984127	0.95652173913	0.969696969697	0.922619047619	0.932926829268	0.948275862069	0.931428571429	0.890410958904	0.943965517241	0.949074074074	0.938095238095	0.967289719626	0.944029850746	0.933628318584	0.959183673469	0.930817610063	0.859649122807	0.914772727273	0.952095808383	0.933014354067	0.898678414097	0.92899408284	0.903846153846	0.980769230769	0.949541284404	0.99481865285	0.994871794872	0.967948717949	0.87573964497	0.939024390244	0.89010989011	0.835820895522
CF1.141675	0.952054794521	0.950704225352	0.987654320988	1.0	0.641791044776	0.492307692308	0.736842105263	0.970149253731	0.833333333333	0.987421383648	0.993103448276	0.898089171975	0.0	0.671641791045	0.666666666667	0.819047619048	0.940119760479	0.842391304348	0.955974842767	0.994565217391	0.959349593496	0.927272727273	0.971830985915	0.974683544304	0.883928571429	0.954545454545	0.758620689655	0.972222222222	0.984455958549	0.965986394558	1.0	0.666666666667	0.6875	0.975903614458	0.956834532374	0.97005988024	0.74358974359	0.827586206897	0.830769230769	0.907514450867	0.917582417582	0.948717948718	0.927927927928	0.989361702128	0.981132075472	0.990740740741	0.975	0.881188118812	0.869565217391	0.837209302326	1.0	0.988764044944	1.0	1.0	0.746987951807	0.647058823529	0.969230769231	0.940298507463	0.753424657534	0.69014084507	0.7	0.710526315789	0.847826086957	0.817204301075	0.915032679739	0.981818181818	0.979591836735	0.986111111111	0.993006993007	0.980198019802	0.981366459627	1.0	0.8375	0.946428571429	0.86	0.934782608696	0.971830985915	0.964071856287	0.731707317073	0.986577181208	0.992537313433	0.972972972973	1.0	1.0	0.864864864865	0.963302752294	0.706666666667	0.949579831933	0.987096774194
CF2.141679	0.964539007092	0.985714285714	0.987096774194	1.0	0.782608695652	0.621212121212	0.691176470588	0.992307692308	0.88	0.993464052288	1.0	0.955974842767	0.671641791045	0.0	0.647058823529	0.864077669903	0.963414634146	0.868131868132	0.987261146497	1.0	0.991666666667	0.981651376147	0.985401459854	0.993506493506	0.927272727273	0.988571428571	0.811764705882	0.994350282486	0.994680851064	0.986013986014	1.0	0.671875	0.694915254237	0.987012987013	0.992700729927	1.0	0.876543209877	0.895348837209	0.893129770992	0.941860465116	0.967391304348	0.980519480519	0.97247706422	1.0	0.993506493506	1.0	0.99358974359	0.918367346939	0.872093023256	0.879518072289	1.0	0.987804878049	1.0	1.0	0.845238095238	0.785714285714	1.0	0.984962406015	0.746268656716	0.612903225806	0.74025974026	0.718309859155	0.875	0.89247311828	0.953947368421	0.99375	0.992957746479	1.0	1.0	0.994949494949	1.0	1.0	0.911392405063	0.972222222222	0.908163265306	0.988888888889	1.0	0.987804878049	0.845238095238	0.993006993007	1.0	0.993055555556	1.0	1.0	0.959459459459	1.0	0.767123287671	0.98275862069	1.0
CF3.141691	0.984732824427	1.0	0.993006993007	1.0	0.796610169492	0.677966101695	0.666666666667	1.0	0.887640449438	1.0	1.0	0.966216216216	0.666666666667	0.647058823529	0.0	0.869565217391	0.980519480519	0.903409090909	0.986111111111	1.0	0.990654205607	0.957446808511	0.992	0.992907801418	0.917525773196	0.987654320988	0.871794871795	0.98773006135	0.994285714286	0.976744186047	1.0	0.690909090909	0.69387755102	1.0	0.983739837398	0.993377483444	0.901408450704	0.891891891892	0.881355932203	0.956790123457	0.964912280702	0.971428571429	0.957894736842	1.0	0.992907801418	1.0	1.0	0.931034482759	0.923076923077	0.933333333333	1.0	1.0	1.0	1.0	0.849315068493	0.758620689655	1.0	0.966101694915	0.816666666667	0.741379310345	0.764705882353	0.761904761905	0.911392405063	0.915662650602	0.964539007092	0.993197278912	0.992248062016	1.0	1.0	1.0	0.993006993007	1.0	0.893939393939	0.968421052632	0.880952380952	0.973684210526	1.0	0.986754966887	0.849315068493	0.992307692308	0.991228070175	0.992366412214	1.0	1.0	0.915254237288	0.978021978022	0.737704918033	0.970588235294	1.0
CL1.141697	0.909638554217	0.89375	0.927374301676	0.986842105263	0.866666666667	0.833333333333	0.841121495327	0.935897435897	0.87786259542	0.95	0.932515337423	0.877094972067	0.819047619048	0.864077669903	0.869565217391	0.0	0.891891891892	0.751295336788	0.90395480226	0.955882352941	0.931506849315	0.876923076923	0.925925925926	0.932584269663	0.756097560976	0.878306878307	0.716981132075	0.945544554455	0.938388625592	0.922155688623	0.979310344828	0.823529411765	0.857142857143	0.972727272727	0.91875	0.901098901099	0.864864864865	0.828828828829	0.846153846154	0.881443298969	0.857868020305	0.902857142857	0.894736842105	1.0	0.914285714286	0.954198473282	0.927374301676	0.923664122137	0.918032786885	0.933333333333	0.98347107438	1.0	1.0	1.0	0.83185840708	0.846153846154	0.92	0.888888888889	0.866666666667	0.90990990991	0.881355932203	0.844036697248	0.928	0.896	0.916201117318	0.951871657754	0.94674556213	0.951807228916	0.97619047619	0.96	0.950819672131	0.959731543624	0.825242718447	0.934306569343	0.88188976378	0.932203389831	0.932515337423	0.889502762431	0.909090909091	0.921686746988	0.96835443038	0.941176470588	0.993055555556	0.986206896552	0.953271028037	0.94776119403	0.863636363636	0.914893617021	0.948863636364
CL2.141671	0.921658986175	0.909952606635	0.886363636364	1.0	0.938271604938	0.940828402367	0.946428571429	0.947115384615	0.947368421053	0.956896551724	0.949074074074	0.928270042194	0.940119760479	0.963414634146	0.980519480519	0.891891891892	0.0	0.80971659919	0.877272727273	0.940239043825	0.949748743719	0.958115183246	0.870646766169	0.957081545064	0.910052910053	0.918367346939	0.888235294118	0.956862745098	0.954716981132	0.959821428571	0.969230769231	0.957831325301	0.942307692308	0.975308641975	0.881188118812	0.880530973451	0.921686746988	0.942196531792	0.900943396226	0.888888888889	0.874493927126	0.90134529148	0.901098901099	0.982658959538	0.895454545455	0.967391304348	0.925438596491	0.945652173913	0.936781609195	0.92899408284	0.994285714286	0.994117647059	1.0	1.0	0.93063583815	0.957831325301	0.956310679612	0.917475728155	0.963855421687	0.945454545455	0.93063583815	0.928143712575	0.925287356322	0.895953757225	0.887387387387	0.944915254237	0.954751131222	0.968181818182	0.981900452489	0.963898916968	0.939393939394	0.970297029703	0.945454545455	0.963541666667	0.934426229508	0.965317919075	0.913875598086	0.923728813559	0.93063583815	0.950226244344	0.971428571429	0.936073059361	0.979381443299	0.989898989899	0.962264150943	0.968085106383	0.959064327485	0.927083333333	0.913242009132
CL3.141664	0.928571428571	0.909836065574	0.906614785992	0.993939393939	0.869565217391	0.844086021505	0.854838709677	0.919491525424	0.854368932039	0.950943396226	0.95219123506	0.884615384615	0.842391304348	0.868131868132	0.903409090909	0.751295336788	0.80971659919	0.0	0.872509960159	0.940350877193	0.939393939394	0.886255924171	0.908713692946	0.935114503817	0.79	0.876865671642	0.79679144385	0.951388888889	0.938983050847	0.93253968254	0.969565217391	0.845303867403	0.877094972067	0.979797979798	0.885106382979	0.901140684411	0.874345549738	0.865284974093	0.835497835498	0.836501901141	0.841328413284	0.880478087649	0.87619047619	0.995260663507	0.926923076923	0.963302752294	0.935606060606	0.920187793427	0.905940594059	0.892857142857	1.0	1.0	1.0	1.0	0.824468085106	0.845303867403	0.931914893617	0.897872340426	0.850828729282	0.877005347594	0.848958333333	0.844086021505	0.879396984925	0.898058252427	0.911538461538	0.928571428571	0.952941176471	0.96862745098	0.984435797665	0.947882736156	0.947565543071	0.974789915966	0.858695652174	0.926940639269	0.856435643564	0.935643564356	0.935222672065	0.893129770992	0.895	0.944881889764	0.97975708502	0.94921875	0.973684210526	0.978354978355	0.91935483871	0.949771689498	0.855614973262	0.9	0.933852140078
CL4.141667	0.89603960396	0.888324873096	0.896226415094	1.0	0.961290322581	0.95652173913	0.955974842767	0.927835051546	0.978378378378	0.930555555556	0.95145631068	0.895454545455	0.955974842767	0.987261146497	0.986111111111	0.90395480226	0.877272727273	0.872509960159	0.0	0.941908713693	0.957894736842	0.955555555556	0.880829015544	0.945454545455	0.904494382022	0.895652173913	0.96511627907	0.959183673469	0.948616600791	0.947867298578	0.967391304348	0.974683544304	0.96644295302	0.966666666667	0.862433862434	0.914798206278	0.929936305732	0.951219512195	0.937799043062	0.911764705882	0.892116182573	0.941176470588	0.913793103448	0.993902439024	0.884615384615	0.940828402367	0.911627906977	0.948275862069	0.932515337423	0.9375	0.98773006135	1.0	1.0	1.0	0.945454545455	0.968152866242	0.948453608247	0.912820512821	0.974522292994	0.974842767296	0.925925925926	0.943396226415	0.926829268293	0.928571428571	0.917431192661	0.942222222222	0.952380952381	0.961538461538	0.976076555024	0.946564885496	0.911627906977	0.946524064171	0.96835443038	0.961325966851	0.960451977401	0.923076923077	0.930693069307	0.92	0.945454545455	0.916666666667	0.943298969072	0.927536231884	0.983695652174	0.978378378378	0.986842105263	0.966101694915	0.981707317073	0.957219251337	0.939252336449
CM1.141723	0.884792626728	0.88785046729	0.839449541284	1.0	0.994413407821	0.994623655914	1.0	0.870646766169	0.985365853659	0.888888888889	0.880952380952	0.921810699588	0.994565217391	1.0	1.0	0.955882352941	0.940239043825	0.940350877193	0.941908713693	0.0	0.971563981043	0.970149253731	0.946188340807	0.76354679803	0.976076555024	0.916666666667	0.989743589744	0.916996047431	0.831967213115	0.889400921659	0.922680412371	1.0	0.994186046512	0.982456140351	0.95067264574	0.89406779661	0.989189189189	0.984042553191	0.95670995671	0.950943396226	0.952380952381	0.967346938776	0.96	0.983425414365	0.869369369369	0.754716981132	0.89519650655	0.995024875622	0.994791666667	0.994680851064	0.972067039106	0.971264367816	0.981132075472	0.988636363636	0.984210526316	0.994444444444	0.912195121951	0.954751131222	0.994413407821	1.0	0.989528795812	0.978142076503	0.994845360825	0.989847715736	0.941908713693	0.77033492823	0.73544973545	0.964757709251	0.93119266055	0.869731800766	0.880530973451	0.903553299492	0.988888888889	0.94923857868	0.979899497487	0.994623655914	0.982683982684	0.943548387097	0.994791666667	0.899082568807	0.896551724138	0.928888888889	0.94358974359	0.949494949495	0.994186046512	0.942408376963	0.989130434783	0.961165048544	0.921052631579
CO1.141714	0.977900552486	0.959770114943	0.979166666667	1.0	0.957627118644	0.984375	0.984126984127	0.903225806452	0.889705882353	0.921787709497	0.934131736527	0.903743315508	0.959349593496	0.991666666667	0.990654205607	0.931506849315	0.949748743719	0.939393939394	0.957894736842	0.971563981043	0.0	0.809523809524	0.914634146341	0.968085106383	0.946308724832	0.95145631068	0.962962962963	0.915	0.929577464789	0.91124260355	0.965986394558	0.97520661157	0.973451327434	1.0	0.933734939759	0.948453608247	0.976377952756	0.928	0.917647058824	0.952606635071	0.893719806763	0.873563218391	0.905797101449	0.992063492063	0.951351351351	0.978260869565	0.957446808511	0.978873239437	0.992592592593	0.984615384615	0.992063492063	0.983333333333	1.0	0.991666666667	0.945736434109	0.949152542373	0.929032258065	0.791666666667	0.975	0.991935483871	0.985074626866	0.968253968254	0.992700729927	0.985714285714	0.989795918367	0.994974874372	0.983240223464	0.873417721519	0.926829268293	0.960698689956	0.951871657754	0.953947368421	0.913043478261	0.913043478261	0.910447761194	0.916666666667	0.894409937888	0.909574468085	0.953846153846	0.929824561404	0.95625	0.948571428571	0.965277777778	0.972789115646	0.935779816514	0.933823529412	0.94262295082	0.828358208955	0.913793103448
CO2.141657	0.96449704142	0.950920245399	0.983606557377	1.0	0.933962264151	0.928571428571	0.955752212389	0.933333333333	0.794871794872	0.929824561404	0.95	0.892045454545	0.927272727273	0.981651376147	0.957446808511	0.876923076923	0.958115183246	0.886255924171	0.955555555556	0.970149253731	0.809523809524	0.0	0.929936305732	0.966292134831	0.8515625	0.938144329897	0.90756302521	0.927461139896	0.951923076923	0.898734177215	0.978417266187	0.903846153846	0.950495049505	1.0	0.949685534591	0.951351351351	0.95652173913	0.841121495327	0.847682119205	0.934343434343	0.899497487437	0.899408284024	0.81512605042	1.0	0.954545454545	0.9765625	0.960893854749	0.969465648855	0.975609756098	0.974789915966	0.991379310345	1.0	1.0	1.0	0.884955752212	0.882352941176	0.909090909091	0.828571428571	0.963302752294	0.991228070175	0.95867768595	0.965517241379	0.992125984252	0.976744186047	0.989247311828	0.989361702128	0.98224852071	0.894736842105	0.949367088608	0.977578475336	0.955056179775	0.965277777778	0.802083333333	0.861788617886	0.80701754386	0.846153846154	0.88	0.892045454545	0.913793103448	0.91875	0.960264900662	0.945454545455	0.985401459854	0.992857142857	0.895833333333	0.911290322581	0.877358490566	0.80487804878	0.88125
CO3.141651	0.914438502674	0.888268156425	0.891191709845	0.989795918367	0.970802919708	0.972222222222	0.979020979021	0.846625766871	0.963190184049	0.846994535519	0.867052023121	0.933014354067	0.971830985915	0.985401459854	0.992	0.925925925926	0.870646766169	0.908713692946	0.880829015544	0.946188340807	0.914634146341	0.929936305732	0.0	0.92385786802	0.952095808383	0.945945945946	0.953642384106	0.906976744186	0.911504424779	0.925531914894	0.924050632911	0.971014492754	0.977099236641	0.969465648855	0.839285714286	0.906403940887	0.965034965035	0.965986394558	0.908108108108	0.942477876106	0.926086956522	0.950980392157	0.937106918239	0.949275362319	0.895833333333	0.918367346939	0.919191919192	0.987577639752	0.973333333333	0.979591836735	0.901515151515	0.962962962963	0.98347107438	0.962686567164	0.952380952381	0.978417266187	0.936416184971	0.933333333333	0.963235294118	0.985815602837	0.959459459459	0.957746478873	0.973684210526	0.961038961039	0.961538461538	0.920792079208	0.941798941799	0.860465116279	0.90395480226	0.942148760331	0.873684210526	0.920731707317	0.971223021583	0.95	0.955414012739	0.919708029197	0.860465116279	0.838541666667	0.96644295302	0.838150289017	0.892215568862	0.89010989011	0.943037974684	0.909677419355	0.961240310078	0.934640522876	0.957446808511	0.926380368098	0.85
CR1.141682	0.871134020619	0.908629441624	0.844221105528	1.0	0.987096774194	0.981366459627	0.9875	0.85393258427	0.983516483516	0.881773399015	0.884210526316	0.947136563877	0.974683544304	0.993506493506	0.992907801418	0.932584269663	0.957081545064	0.935114503817	0.945454545455	0.76354679803	0.968085106383	0.966292134831	0.92385786802	0.0	0.961956521739	0.90350877193	0.988372093023	0.931914893617	0.865800865801	0.941747572816	0.931034482759	0.993630573248	0.993288590604	0.965753424658	0.923469387755	0.913242009132	0.968553459119	0.975609756098	0.961904761905	0.950617283951	0.943775100402	0.9592760181	0.960674157303	0.961290322581	0.865671641791	0.741007194245	0.8995215311	0.988700564972	0.969696969697	0.987804878049	0.947712418301	0.980392156863	0.97037037037	0.966666666667	0.963414634146	0.987179487179	0.918918918919	0.96	0.980519480519	0.987261146497	0.975903614458	0.975	0.98224852071	0.964705882353	0.950226244344	0.78125	0.721893491124	0.945273631841	0.923076923077	0.847457627119	0.866995073892	0.909604519774	0.987261146497	0.977777777778	0.988764044944	0.981366459627	0.975845410628	0.918552036199	0.994082840237	0.915	0.901639344262	0.93137254902	0.942196531792	0.936781609195	0.993288590604	0.965317919075	0.974842767296	0.961956521739	0.938095238095
DF1.141684	0.929411764706	0.934131736527	0.933701657459	0.987012987013	0.867924528302	0.855855855856	0.863636363636	0.981707317073	0.84375	0.978494623656	0.988439306358	0.871508379888	0.883928571429	0.927272727273	0.917525773196	0.756097560976	0.910052910053	0.79	0.904494382022	0.976076555024	0.946308724832	0.8515625	0.952095808383	0.961956521739	0.0	0.896373056995	0.754545454545	0.961165048544	0.972602739726	0.941520467836	1.0	0.847619047619	0.902912621359	0.991150442478	0.939024390244	0.93085106383	0.895652173913	0.860869565217	0.816993464052	0.846560846561	0.87	0.897142857143	0.861538461538	1.0	0.932960893855	0.992700729927	0.951086956522	0.932330827068	0.909836065574	0.897435897436	1.0	1.0	1.0	1.0	0.833333333333	0.869158878505	0.96178343949	0.867549668874	0.878504672897	0.939130434783	0.900826446281	0.845454545455	0.928571428571	0.896825396825	0.904494382022	0.973958333333	0.977142857143	0.958333333333	0.994186046512	0.982683982684	0.989528795812	0.993548387097	0.803921568627	0.934782608696	0.837398373984	0.895652173913	0.91975308642	0.925531914894	0.882352941176	0.947368421053	1.0	0.971590909091	1.0	0.993197278912	0.953703703704	0.963503649635	0.864864864865	0.884057971014	0.924855491329
DF2.141726	0.86320754717	0.860576923077	0.859728506787	1.0	0.953216374269	0.960893854749	0.972067039106	0.928909952607	0.965	0.935897435897	0.931506849315	0.850220264317	0.954545454545	0.988571428571	0.987654320988	0.878306878307	0.918367346939	0.876865671642	0.895652173913	0.916666666667	0.95145631068	0.938144329897	0.945945945946	0.90350877193	0.896373056995	0.0	0.951871657754	0.916666666667	0.903474903475	0.904109589041	0.970297029703	0.971428571429	0.97619047619	0.964071856287	0.900943396226	0.807339449541	0.960893854749	0.944444444444	0.89400921659	0.836134453782	0.850806451613	0.849315068493	0.910526315789	0.988950276243	0.883928571429	0.92349726776	0.88	0.953125	0.950819672131	0.955555555556	0.994505494505	1.0	1.0	1.0	0.939226519337	0.965517241379	0.84375	0.888888888889	0.959302325581	0.983146067416	0.962162162162	0.949152542373	0.956989247312	0.946808510638	0.845454545455	0.915254237288	0.927927927928	0.941176470588	0.940639269406	0.92700729927	0.918454935622	0.946078431373	0.971590909091	0.904255319149	0.942408376963	0.949152542373	0.96	0.87982832618	0.95652173913	0.923423423423	0.962790697674	0.947368421053	0.975	0.985294117647	0.963855421687	0.883333333333	0.966480446927	0.945544554455	0.90134529148
DF3.141696	0.942307692308	0.954545454545	0.976744186047	0.983333333333	0.788235294118	0.720930232558	0.8	0.972602739726	0.840707964602	0.988304093567	0.98064516129	0.878787878788	0.758620689655	0.811764705882	0.871794871795	0.716981132075	0.888235294118	0.79679144385	0.96511627907	0.989743589744	0.962962962963	0.90756302521	0.953642384106	0.988372093023	0.754545454545	0.951871657754	0.0	0.973958333333	0.980392156863	0.935064935065	1.0	0.666666666667	0.769230769231	0.978947368421	0.939189189189	0.960451977401	0.854166666667	0.8125	0.811594202899	0.877094972067	0.882352941176	0.906832298137	0.880341880342	1.0	0.964285714286	0.991666666667	0.970760233918	0.922413793103	0.915887850467	0.901960784314	1.0	1.0	1.0	1.0	0.765957446809	0.716049382716	0.964539007092	0.915492957746	0.788235294118	0.820224719101	0.862745098039	0.791208791209	0.897196261682	0.890909090909	0.952941176471	0.983050847458	0.9875	0.960526315789	1.0	0.981308411215	0.988505747126	1.0	0.779069767442	0.951612903226	0.875	0.910891089109	0.925170068027	0.948863636364	0.84	0.96835443038	1.0	0.975	1.0	0.992307692308	0.945054945055	0.991935483871	0.775280898876	0.92125984252	0.956790123457
GB1.141665	0.929203539823	0.946902654867	0.941422594142	0.992700729927	0.983050847458	0.983695652174	0.989071038251	0.892682926829	0.954773869347	0.831775700935	0.891509433962	0.880341880342	0.972222222222	0.994350282486	0.98773006135	0.945544554455	0.956862745098	0.951388888889	0.959183673469	0.916996047431	0.915	0.927461139896	0.906976744186	0.931914893617	0.961165048544	0.916666666667	0.973958333333	0.0	0.79746835443	0.835748792271	0.922680412371	0.988826815642	0.982352941176	0.958083832335	0.955357142857	0.903361344538	0.972527472527	0.961956521739	0.928888888889	0.93893129771	0.891472868217	0.904761904762	0.916666666667	0.917647058824	0.91341991342	0.923913043478	0.923404255319	0.984924623116	0.994791666667	0.989304812834	0.936416184971	0.947058823529	0.981132075472	0.959064327485	0.962365591398	0.977401129944	0.873737373737	0.905213270142	0.983050847458	1.0	0.989528795812	0.989189189189	0.994845360825	0.984693877551	0.975903614458	0.938016528926	0.942477876106	0.859223300971	0.890476190476	0.923357664234	0.865470852018	0.903553299492	0.977528089888	0.932989690722	0.969543147208	0.966850828729	0.922018348624	0.894514767932	0.978835978836	0.857142857143	0.896551724138	0.873831775701	0.927083333333	0.938775510204	0.964071856287	0.908108108108	0.978021978022	0.919191919192	0.876712328767
GB2.141732	0.927966101695	0.926724137931	0.913580246914	0.993243243243	0.989417989418	0.989795918367	0.994871794872	0.872037914692	0.966981132075	0.845132743363	0.85046728972	0.899193548387	0.984455958549	0.994680851064	0.994285714286	0.938388625592	0.954716981132	0.938983050847	0.948616600791	0.831967213115	0.929577464789	0.951923076923	0.911504424779	0.865800865801	0.972602739726	0.903474903475	0.980392156863	0.79746835443	0.0	0.838709677419	0.877551020408	0.994764397906	0.989010989011	0.983516483516	0.934782608696	0.907630522088	0.984615384615	0.97461928934	0.936708860759	0.9375	0.92	0.913580246914	0.957142857143	0.934426229508	0.894514767932	0.864130434783	0.909090909091	0.990521327014	0.990099009901	0.989898989899	0.922651933702	0.96174863388	0.988304093567	0.944134078212	0.98	0.989473684211	0.869565217391	0.929203539823	0.967567567568	0.984210526316	0.98	0.979381443299	0.99512195122	0.980582524272	0.952755905512	0.901639344262	0.883928571429	0.921052631579	0.875576036866	0.840909090909	0.816143497758	0.876237623762	0.973404255319	0.951923076923	0.971153846154	0.984615384615	0.939655172414	0.908	0.995073891626	0.859090909091	0.848039215686	0.859728506787	0.931034482759	0.926470588235	0.983425414365	0.929648241206	0.984536082474	0.928571428571	0.933609958506
GB3.141652	0.911458333333	0.897849462366	0.921568627451	0.990384615385	0.942446043165	0.96644295302	0.972972972973	0.852071005917	0.94578313253	0.869791666667	0.89010989011	0.855	0.965986394558	0.986013986014	0.976744186047	0.922155688623	0.959821428571	0.93253968254	0.947867298578	0.889400921659	0.91124260355	0.898734177215	0.925531914894	0.941747572816	0.941520467836	0.904109589041	0.935064935065	0.835748792271	0.838709677419	0.0	0.939759036145	0.957746478873	0.962962962963	0.992857142857	0.92513368984	0.909090909091	0.973333333333	0.917808219178	0.905263157895	0.939393939394	0.909482758621	0.905472636816	0.91975308642	1.0	0.926108374384	0.921568627451	0.921568627451	0.963190184049	0.980891719745	0.973684210526	0.972789115646	0.993103448276	0.9921875	1.0	0.947368421053	0.957746478873	0.848484848485	0.887640449438	0.964788732394	0.986394557823	0.967741935484	0.959459459459	0.9875	0.981595092025	0.957746478873	0.958139534884	0.921465968586	0.913978494624	0.918918918919	0.934959349593	0.894472361809	0.936046511628	0.935714285714	0.847682119205	0.924050632911	0.945205479452	0.947916666667	0.888349514563	0.961038961039	0.881081081081	0.932960893855	0.922279792746	0.982352941176	0.976608187135	0.970588235294	0.850340136054	0.9375	0.896341463415	0.860962566845
GB5.141668	0.958823529412	0.970238095238	0.955555555556	1.0	1.0	1.0	1.0	0.934210526316	1.0	0.871951219512	0.881578947368	0.979274611399	1.0	1.0	1.0	0.979310344828	0.969230769231	0.969565217391	0.967391304348	0.922680412371	0.965986394558	0.978417266187	0.924050632911	0.931034482759	1.0	0.970297029703	1.0	0.922680412371	0.877551020408	0.939759036145	0.0	1.0	1.0	0.981308411215	0.94375	0.968421052632	1.0	0.992	0.982658959538	0.980861244019	0.976851851852	0.989247311828	0.985815602837	0.908256880734	0.943181818182	0.918699186992	0.949720670391	1.0	1.0	1.0	0.855769230769	0.882352941176	0.945652173913	0.892156862745	1.0	1.0	0.98064516129	0.987804878049	0.991228070175	1.0	1.0	1.0	1.0	1.0	0.994708994709	0.945054945055	0.964285714286	0.924050632911	0.872483221477	0.861386138614	0.853658536585	0.847328244275	1.0	0.985714285714	1.0	1.0	0.957055214724	0.940860215054	1.0	0.90625	0.847826086957	0.864516129032	0.862903225806	0.846774193548	0.990654205607	0.977611940299	1.0	0.979452054795	0.941520467836
HF1.141663	0.965277777778	0.964285714286	0.993710691824	1.0	0.774647887324	0.597014925373	0.626865671642	0.977099236641	0.826530612245	1.0	0.992907801418	0.930379746835	0.666666666667	0.671875	0.690909090909	0.823529411765	0.957831325301	0.845303867403	0.974683544304	1.0	0.97520661157	0.903846153846	0.971014492754	0.993630573248	0.847619047619	0.971428571429	0.666666666667	0.988826815642	0.994764397906	0.957746478873	1.0	0.0	0.620689655172	0.974683544304	0.970802919708	0.981818181818	0.880952380952	0.79012345679	0.834645669291	0.924418604651	0.933701657459	0.947368421053	0.935185185185	1.0	0.987179487179	0.990384615385	0.987341772152	0.920792079208	0.901098901099	0.870588235294	1.0	1.0	1.0	1.0	0.795180722892	0.666666666667	0.992248062016	0.946564885496	0.701492537313	0.746478873239	0.795180722892	0.779220779221	0.891304347826	0.872340425532	0.954838709677	0.993865030675	0.986111111111	0.978417266187	1.0	0.99	1.0	1.0	0.813333333333	0.963636363636	0.817204301075	0.894117647059	0.963503649635	0.975757575758	0.809523809524	0.993150684932	1.0	0.993197278912	1.0	1.0	0.904109589041	0.981308411215	0.652173913043	0.929203539823	0.993421052632
