	AR1.141727	AR2.141703	AR3.141705	BB1.141690	BB2.141659	BF1.141647	BF2.141708	BP1.141702	BZ1.141724	CA1.141704	CA2.141685	CC1.141721	CF1.141675	CF2.141679	CF3.141691	CL1.141697	CL2.141671	CL3.141664	CL4.141667	CM1.141723	CO1.141714	CO2.141657	CO3.141651	CR1.141682	DF1.141684	DF2.141726	DF3.141696	GB1.141665	GB2.141732	GB3.141652	GB5.141668	HF1.141663	HF2.141686	HI1.141693	HI2.141672	HI3.141676	HI4.141735	HJ1.141718	HJ2.141717	IE1.141648	IE2.141655	IT1.141711	IT2.141720	JT1.141699	KP1.141713	KP3.141658	KP4.141733	LQ1.141701	LQ2.141729	LQ3.141712	MD2.141689	MD3.141707	MD4.141660	MD5.141688	MP1.141661	MP2.141695	MT1.141719	MT2.141698	PE1.141715	PE2.141725	PE3.141731	PE4.141683	PE5.141692	PE6.141700	PE7.141734	RT1.141654	RT2.141710	SA1.141670	SA2.141687	SB1.141730	SF1.141728	SF2.141677	SK1.141669	SK2.141662	SK3.141716	SN1.141681	SN3.141650	SP1.141656	SP2.141678	SR1.141680	SR2.141673	SR3.141674	SV1.141649	SV2.141666	TL1.141653	TL2.141706	TL3.141709	VC1.141722	VC2.141694
AR1.141727	0.0	0.767605633803	0.718987341772	0.995833333333	0.936288088643	0.941747572816	0.950495049505	0.891257995736	0.943310657596	0.92144373673	0.919739696312	0.871541501976	0.932668329177	0.962099125364	0.966767371601	0.88501026694	0.880681818182	0.904424778761	0.890595009597	0.859504132231	0.930902111324	0.939461883408	0.893905191874	0.873727087576	0.913865546218	0.843691148776	0.92523364486	0.928825622776	0.921232876712	0.895299145299	0.940594059406	0.943444730077	0.947802197802	0.94512195122	0.887019230769	0.877155172414	0.943734015345	0.917737789203	0.920879120879	0.8916827853	0.900573613767	0.907335907336	0.904862579281	0.978155339806	0.837675350701	0.855421686747	0.805383022774	0.943444730077	0.934426229508	0.931578947368	0.963325183374	0.969945355191	0.98773006135	0.987179487179	0.92328042328	0.946564885496	0.921904761905	0.935483870968	0.951351351351	0.94623655914	0.93893129771	0.950777202073	0.941798941799	0.916883116883	0.856194690265	0.888421052632	0.878587196468	0.953974895397	0.951754385965	0.945848375451	0.938492063492	0.942396313364	0.946015424165	0.933760683761	0.936956521739	0.969620253165	0.948387096774	0.918867924528	0.950354609929	0.918489065606	0.953051643192	0.939688715953	0.966019417476	0.971428571429	0.968926553672	0.907834101382	0.951219512195	0.943137254902	0.887525562372
AR2.141703	0.767605633803	0.0	0.730414746544	0.99649122807	0.935483870968	0.942857142857	0.953125	0.892156862745	0.928721174004	0.913555992141	0.907444668008	0.859259259259	0.934684684685	0.963824289406	0.965240641711	0.882129277567	0.862254025045	0.891485809683	0.871376811594	0.87358490566	0.934513274336	0.923076923077	0.894628099174	0.878048780488	0.910852713178	0.833628318584	0.925531914894	0.92880794702	0.907766990291	0.882703777336	0.948888888889	0.941995359629	0.950980392157	0.951742627346	0.881057268722	0.854251012146	0.942263279446	0.91879350348	0.90612244898	0.876363636364	0.884892086331	0.897111913357	0.900390625	0.973568281938	0.846863468635	0.867102396514	0.833020637899	0.939534883721	0.915211970075	0.938823529412	0.97149122807	0.97572815534	0.994638069705	0.983833718245	0.916067146283	0.944827586207	0.899099099099	0.908108108108	0.956626506024	0.934146341463	0.945205479452	0.955916473318	0.935406698565	0.9	0.824267782427	0.885214007782	0.882828282828	0.951923076923	0.936991869919	0.928449744463	0.919925512104	0.941176470588	0.93691588785	0.909819639279	0.916835699797	0.953703703704	0.92555331992	0.894454382826	0.946120689655	0.901119402985	0.948608137045	0.93115942029	0.964835164835	0.976394849785	0.980099502488	0.900423728814	0.953995157385	0.920517560074	0.907235621521
AR3.141705	0.718987341772	0.730414746544	0.0	0.996240601504	0.935064935065	0.933025404157	0.946135831382	0.874226804124	0.939655172414	0.919028340081	0.910602910603	0.85632183908	0.919047619048	0.956284153005	0.966292134831	0.877712031558	0.851024208566	0.880208333333	0.881481481481	0.839357429719	0.924354243542	0.917570498915	0.873362445415	0.855731225296	0.898580121704	0.829981718464	0.927152317881	0.919104991394	0.897478991597	0.882716049383	0.951501154734	0.93932038835	0.953964194373	0.943181818182	0.852112676056	0.84355179704	0.924019607843	0.909756097561	0.909282700422	0.874060150376	0.863894139887	0.89138576779	0.898785425101	0.974770642202	0.81640625	0.821176470588	0.808300395257	0.931540342298	0.922279792746	0.922693266833	0.965517241379	0.97193877551	0.988636363636	0.987980769231	0.928217821782	0.939759036145	0.893457943925	0.88614800759	0.941176470588	0.936386768448	0.947743467933	0.948780487805	0.932330827068	0.906172839506	0.847133757962	0.857731958763	0.839130434783	0.943775100402	0.938947368421	0.937282229965	0.929389312977	0.910112359551	0.939172749392	0.899371069182	0.927083333333	0.966587112172	0.922594142259	0.892791127542	0.953229398664	0.89748549323	0.941704035874	0.924670433145	0.948837209302	0.956719817768	0.97911227154	0.913043478261	0.957070707071	0.929924242424	0.873517786561
BB1.141690	0.995833333333	0.99649122807	0.996240601504	0.0	1.0	0.994897959184	1.0	0.996428571429	1.0	0.996268656716	0.996124031008	0.996978851964	1.0	1.0	1.0	0.996699669967	0.997150997151	0.997361477573	0.997041420118	0.996794871795	0.996845425868	0.995708154506	0.996	1.0	0.996389891697	0.997326203209	0.995454545455	0.997237569061	0.997435897436	0.996389891697	1.0	0.994152046784	0.993006993007	1.0	0.995515695067	0.996441281139	0.994219653179	0.994475138122	0.996015936255	0.996996996997	0.997014925373	0.996932515337	0.996402877698	1.0	0.997058823529	0.995744680851	0.99703264095	0.994152046784	1.0	0.993975903614	1.0	1.0	1.0	1.0	0.994011976048	0.994252873563	0.996932515337	0.996884735202	0.993243243243	1.0	1.0	1.0	1.0	0.994350282486	1.0	0.996527777778	1.0	0.996153846154	1.0	0.997093023256	0.996610169492	0.995433789954	0.994117647059	0.996138996139	1.0	0.994011976048	0.995983935743	0.996996996997	1.0	0.996710526316	0.995145631068	0.996721311475	1.0	1.0	1.0	0.995726495726	0.993197278912	0.996655518395	1.0
BB2.141659	0.936288088643	0.935483870968	0.935064935065	1.0	0.0	0.697318007663	0.771535580524	0.960784313725	0.786885245902	0.972568578554	0.969230769231	0.879716981132	0.708171206226	0.71921182266	0.731958762887	0.814323607427	0.921568627451	0.850549450549	0.933628318584	0.975280898876	0.917840375587	0.897660818713	0.929347826087	0.977628635347	0.814084507042	0.931958762887	0.766101694915	0.965235173824	0.971098265896	0.928753180662	0.978461538462	0.75	0.768240343348	0.975409836066	0.933139534884	0.94540942928	0.825925925926	0.759541984733	0.780864197531	0.877647058824	0.891203703704	0.912037037037	0.88654353562	0.996913580247	0.95464362851	0.970108695652	0.952069716776	0.879003558719	0.873563218391	0.851851851852	0.993865030675	0.989208633094	1.0	0.993265993266	0.756	0.722891566265	0.957871396896	0.911007025761	0.762711864407	0.771784232365	0.760617760618	0.783464566929	0.839694656489	0.841155234657	0.906493506494	0.976303317536	0.972568578554	0.964102564103	0.978609625668	0.979079497908	0.974299065421	0.991666666667	0.823970037453	0.892857142857	0.794478527607	0.91637630662	0.929155313351	0.951648351648	0.770318021201	0.962962962963	0.985507246377	0.97722095672	0.98773006135	1.0	0.874476987448	0.901162790698	0.77731092437	0.889724310777	0.904645476773
BF1.141647	0.941747572816	0.942857142857	0.933025404157	0.994897959184	0.697318007663	0.0	0.671328671329	0.962962962963	0.787356321839	0.975717439294	0.968181818182	0.88110403397	0.662020905923	0.683544303797	0.731914893617	0.770935960591	0.892712550607	0.802083333333	0.901234567901	0.975806451613	0.908510638298	0.874015748031	0.938095238095	0.975855130785	0.777777777778	0.918406072106	0.69592476489	0.953095684803	0.971929824561	0.925	0.989473684211	0.645756457565	0.69111969112	0.97972972973	0.93112244898	0.944690265487	0.753378378378	0.759868421053	0.761772853186	0.867237687366	0.865384615385	0.891719745223	0.849514563107	1.0	0.951076320939	0.963942307692	0.952848722986	0.849529780564	0.858085808581	0.801324503311	0.992042440318	0.984756097561	1.0	0.985549132948	0.665441176471	0.687943262411	0.953907815631	0.890557939914	0.716417910448	0.743682310469	0.735593220339	0.715302491103	0.793220338983	0.788961038961	0.887058823529	0.970212765957	0.973451327434	0.968325791855	0.973995271868	0.979206049149	0.974947807933	0.987804878049	0.815533980583	0.903614457831	0.797297297297	0.869158878505	0.927710843373	0.939879759519	0.761609907121	0.964803312629	0.982278481013	0.975460122699	0.986737400531	0.99481865285	0.865724381625	0.925	0.748175182482	0.859447004608	0.898678414097
BF2.141708	0.950495049505	0.953125	0.946135831382	1.0	0.771535580524	0.671328671329	0.0	0.968888888889	0.804664723032	0.979683972912	0.981566820276	0.9248434238	0.703832752613	0.678414096916	0.66976744186	0.80637254902	0.905930470348	0.781385281385	0.903361344538	0.985685071575	0.927194860814	0.879032258065	0.936274509804	0.973140495868	0.773936170213	0.947169811321	0.741433021807	0.969811320755	0.978647686833	0.954648526077	0.986376021798	0.690036900369	0.63179916318	0.986013986014	0.948320413437	0.950338600451	0.802013422819	0.822580645161	0.836898395722	0.890557939914	0.891025641026	0.917197452229	0.864864864865	0.997252747253	0.958250497018	0.975550122249	0.96421471173	0.880126182965	0.860068259386	0.821548821549	0.989010989011	0.98738170347	0.996336996337	0.988059701493	0.750889679715	0.712230215827	0.971774193548	0.897379912664	0.751879699248	0.791366906475	0.759450171821	0.726277372263	0.780141843972	0.827922077922	0.912735849057	0.978354978355	0.979683972912	0.969837587007	0.97572815534	0.986564299424	0.983014861996	0.9925	0.827814569536	0.932530120482	0.826558265583	0.889240506329	0.914786967419	0.968063872255	0.80981595092	0.983333333333	0.992248062016	0.979123173278	0.991825613079	0.994652406417	0.896428571429	0.952380952381	0.746212121212	0.874125874126	0.925110132159
BP1.141702	0.891257995736	0.892156862745	0.874226804124	0.996428571429	0.960784313725	0.962962962963	0.968888888889	0.0	0.921108742004	0.834042553191	0.835497835498	0.880952380952	0.96	0.971428571429	0.970350404313	0.883141762452	0.873214285714	0.912541254125	0.91958041958	0.848249027237	0.87358490566	0.903846153846	0.862660944206	0.844054580897	0.92471042471	0.868512110727	0.956158663883	0.847396768402	0.809946714032	0.829831932773	0.888361045131	0.958429561201	0.970802919708	0.942465753425	0.887168141593	0.897838899804	0.970454545455	0.940229885057	0.914110429448	0.918871252205	0.905693950178	0.910071942446	0.899408284024	0.93287037037	0.82797731569	0.86563876652	0.855287569573	0.965596330275	0.971291866029	0.967592592593	0.918414918415	0.922480620155	0.975069252078	0.974056603774	0.955607476636	0.951501154734	0.875695732839	0.880819366853	0.968674698795	0.971428571429	0.966063348416	0.967517401392	0.976744186047	0.961363636364	0.930902111324	0.875247524752	0.870103092784	0.875	0.878787878788	0.867513611615	0.845381526104	0.863325740319	0.936170212766	0.906693711968	0.939879759519	0.950704225352	0.911522633745	0.871086556169	0.961373390558	0.859375	0.851063829787	0.868471953578	0.916279069767	0.907407407407	0.969465648855	0.889848812095	0.958536585366	0.905482041588	0.885496183206
BZ1.141724	0.943310657596	0.928721174004	0.939655172414	1.0	0.786885245902	0.787356321839	0.804664723032	0.921108742004	0.0	0.948936170213	0.947826086957	0.865580448065	0.806916426513	0.828767123288	0.828571428571	0.827050997783	0.911320754717	0.832046332046	0.927756653992	0.973282442748	0.822125813449	0.772727272727	0.925507900677	0.963461538462	0.787951807229	0.913043478261	0.791327913279	0.936708860759	0.945205479452	0.869662921348	0.975247524752	0.800604229607	0.809677419355	0.981595092025	0.93853427896	0.932631578947	0.869688385269	0.785074626866	0.776923076923	0.847422680412	0.828810020877	0.871165644172	0.794258373206	0.979949874687	0.940074906367	0.966367713004	0.953531598513	0.91825613079	0.937853107345	0.917127071823	0.977556109726	0.986033519553	0.996825396825	0.992063492063	0.77950310559	0.746081504702	0.932301740812	0.831196581197	0.823899371069	0.851063829787	0.838616714697	0.83630952381	0.903409090909	0.907859078591	0.932059447983	0.96993987976	0.964360587002	0.934210526316	0.966592427617	0.959854014599	0.958	0.981693363844	0.726688102894	0.822815533981	0.70218579235	0.850877192982	0.897911832947	0.906066536204	0.781869688385	0.948412698413	0.971428571429	0.950592885375	0.985221674877	0.980487804878	0.810169491525	0.888888888889	0.764900662252	0.779069767442	0.877118644068
CA1.141704	0.92144373673	0.913555992141	0.919028340081	0.996268656716	0.972568578554	0.975717439294	0.979683972912	0.834042553191	0.948936170213	0.0	0.773892773893	0.880373831776	0.982142857143	0.981432360743	0.989071038251	0.912380952381	0.904424778761	0.92880794702	0.906137184116	0.8671875	0.885714285714	0.871621621622	0.822727272727	0.854043392505	0.943798449612	0.902564102564	0.968287526427	0.811320754717	0.820788530466	0.810043668122	0.851385390428	0.971896955504	0.982673267327	0.928366762178	0.908888888889	0.925636007828	0.972027972028	0.950934579439	0.929896907216	0.936283185841	0.905626134301	0.902033271719	0.903614457831	0.888613861386	0.854990583804	0.874720357942	0.885819521179	0.974299065421	0.985436893204	0.973995271868	0.883950617284	0.87811634349	0.956268221574	0.94776119403	0.959330143541	0.962441314554	0.877126654064	0.88446969697	0.972839506173	0.970588235294	0.979357798165	0.976359338061	0.988179669031	0.97465437788	0.939688715953	0.874493927126	0.892561983471	0.8	0.844748858447	0.845283018868	0.809725158562	0.832134292566	0.944578313253	0.902083333333	0.931818181818	0.939024390244	0.885775862069	0.855238095238	0.967177242888	0.808333333333	0.8	0.820987654321	0.879012345679	0.869778869779	0.971204188482	0.901531728665	0.9625	0.907514450867	0.867326732673
CA2.141685	0.919739696312	0.907444668008	0.910602910603	0.996124031008	0.969230769231	0.968181818182	0.981566820276	0.835497835498	0.947826086957	0.773892773893	0.0	0.888679245283	0.986363636364	0.986449864499	0.985915492958	0.916988416988	0.920212765957	0.941860465116	0.928057553957	0.855421686747	0.908918406072	0.901565995526	0.863534675615	0.869306930693	0.950980392157	0.904679376083	0.972043010753	0.819047619048	0.821818181818	0.821585903084	0.810666666667	0.978571428571	0.979643765903	0.947976878613	0.926339285714	0.928429423459	0.976247030879	0.952267303103	0.941787941788	0.929347826087	0.915904936015	0.926470588235	0.930139720559	0.862694300518	0.838834951456	0.871853546911	0.877358490566	0.96875	0.985074626866	0.983213429257	0.872448979592	0.914835164835	0.958083832335	0.930051813472	0.955773955774	0.971428571429	0.887619047619	0.895038167939	0.982456140351	0.982630272953	0.978873239437	0.978260869565	0.985436893204	0.981264637002	0.957115009747	0.894736842105	0.873661670236	0.84375	0.821852731591	0.835589941973	0.797826086957	0.825123152709	0.940594059406	0.925155925156	0.948132780083	0.960880195599	0.902597402597	0.878557874763	0.961797752809	0.809322033898	0.80412371134	0.791845493562	0.864450127877	0.872180451128	0.964864864865	0.909090909091	0.966836734694	0.905697445972	0.878243512974
CC1.141721	0.871541501976	0.859259259259	0.85632183908	0.996978851964	0.879716981132	0.88110403397	0.9248434238	0.880952380952	0.865580448065	0.880373831776	0.888679245283	0.0	0.893390191898	0.930622009569	0.933497536946	0.823747680891	0.855704697987	0.858520900322	0.873737373737	0.904599659284	0.844919786096	0.862903225806	0.874031007752	0.924874791319	0.857142857143	0.805084745763	0.902390438247	0.873170731707	0.8751950078	0.835249042146	0.936475409836	0.894273127753	0.925170068027	0.944444444444	0.892	0.86876155268	0.904347826087	0.877192982456	0.854330708661	0.826855123675	0.8	0.822580645161	0.850943396226	0.955102040816	0.822807017544	0.915708812261	0.846286701209	0.934182590234	0.928730512249	0.917211328976	0.967935871743	0.969162995595	0.990407673861	0.981132075472	0.888392857143	0.902173913043	0.843309859155	0.803669724771	0.918735891648	0.909706546275	0.91452991453	0.937901498929	0.939524838013	0.91684434968	0.869888475836	0.919720767888	0.924596050269	0.907578558226	0.932457786116	0.928571428571	0.918825561313	0.942307692308	0.881696428571	0.843137254902	0.8671875	0.940425531915	0.884615384615	0.864957264957	0.868921775899	0.86404293381	0.940828402367	0.918367346939	0.961847389558	0.972495088409	0.932084309133	0.810526315789	0.930648769575	0.868940754039	0.81308411215
CF1.141675	0.932668329177	0.934684684685	0.919047619048	1.0	0.708171206226	0.662020905923	0.703832752613	0.96	0.806916426513	0.982142857143	0.986363636364	0.893390191898	0.0	0.706382978723	0.760683760684	0.787654320988	0.881742738589	0.803797468354	0.904166666667	0.977505112474	0.913978494624	0.889182058047	0.931707317073	0.975460122699	0.782722513089	0.931558935361	0.725	0.960302457467	0.976991150442	0.931034482759	0.986522911051	0.660447761194	0.691699604743	0.986206896552	0.937984496124	0.943693693694	0.784511784512	0.782178217822	0.813513513514	0.864923747277	0.877682403433	0.913319238901	0.863414634146	0.997282608696	0.946107784431	0.958128078818	0.943661971831	0.845659163987	0.858108108108	0.816053511706	0.991869918699	0.98753894081	0.996389891697	0.991176470588	0.718411552347	0.693140794224	0.961616161616	0.898268398268	0.6875	0.759124087591	0.745704467354	0.721014492754	0.808219178082	0.814935064935	0.900709219858	0.969696969697	0.975280898876	0.97247706422	0.975961538462	0.984732824427	0.974522292994	0.987562189055	0.826229508197	0.899014778325	0.802739726027	0.883647798742	0.920987654321	0.949596774194	0.778816199377	0.970711297071	0.989743589744	0.975051975052	0.994623655914	0.994708994709	0.857664233577	0.917948717949	0.740601503759	0.888127853881	0.911504424779
CF2.141679	0.962099125364	0.963824289406	0.956284153005	1.0	0.71921182266	0.683544303797	0.678414096916	0.971428571429	0.828767123288	0.981432360743	0.986449864499	0.930622009569	0.706382978723	0.0	0.611464968153	0.823033707865	0.928899082569	0.838028169014	0.951501154734	0.988179669031	0.936117936118	0.922839506173	0.957264957265	0.98820754717	0.830357142857	0.950749464668	0.741573033708	0.976445396146	0.981891348089	0.949197860963	0.990033222591	0.658878504673	0.636842105263	0.986301369863	0.960122699387	0.968831168831	0.825203252033	0.802419354839	0.831210191083	0.907542579075	0.921052631579	0.942583732057	0.902506963788	0.996621621622	0.972972972973	0.970674486804	0.972789115646	0.87890625	0.877637130802	0.853658536585	0.996655518395	0.983935742972	1.0	0.981203007519	0.758771929825	0.722466960352	0.972093023256	0.931540342298	0.730769230769	0.692682926829	0.731601731602	0.705069124424	0.820512820513	0.837301587302	0.934959349593	0.987468671679	0.984126984127	0.978260869565	0.98275862069	0.989010989011	0.980148883375	0.993993993994	0.85140562249	0.928571428571	0.837579617834	0.898832684825	0.942028985507	0.963048498845	0.792452830189	0.983050847458	0.987421383648	0.98309178744	0.993333333333	0.993464052288	0.884259259259	0.939393939394	0.729468599034	0.910761154856	0.942065491184
CF3.141691	0.966767371601	0.965240641711	0.966292134831	1.0	0.731958762887	0.731914893617	0.66976744186	0.970350404313	0.828571428571	0.989071038251	0.985915492958	0.933497536946	0.760683760684	0.611464968153	0.0	0.839541547278	0.939110070258	0.849282296651	0.949880668258	0.997578692494	0.955112219451	0.908794788274	0.958579881657	0.98533007335	0.837423312883	0.962962962963	0.780303030303	0.982456140351	0.98347107438	0.964480874317	0.989547038328	0.712264150943	0.638888888889	0.980392156863	0.968253968254	0.978666666667	0.81974248927	0.825726141079	0.853896103896	0.904282115869	0.92628992629	0.937965260546	0.904899135447	1.0	0.983908045977	0.984939759036	0.979069767442	0.885714285714	0.875	0.849785407725	0.99649122807	0.987288135593	1.0	0.992156862745	0.782805429864	0.733944954128	0.980952380952	0.926395939086	0.724489795918	0.710659898477	0.720183486239	0.728571428571	0.787037037037	0.832635983264	0.932394366197	0.987012987013	0.986301369863	0.983146067416	0.982035928144	0.990950226244	0.987244897959	0.993730407524	0.842553191489	0.944444444444	0.841584158416	0.919678714859	0.955357142857	0.976470588235	0.823076923077	0.990049751244	0.993464052288	0.995061728395	0.989473684211	0.996587030717	0.887254901961	0.94670846395	0.723076923077	0.907356948229	0.948186528497
CL1.141697	0.88501026694	0.882129277567	0.877712031558	0.996699669967	0.814323607427	0.770935960591	0.80637254902	0.883141762452	0.827050997783	0.912380952381	0.916988416988	0.823747680891	0.787654320988	0.823033707865	0.839541547278	0.0	0.817359855335	0.729981378026	0.83666061706	0.897849462366	0.888888888889	0.839826839827	0.90495049505	0.9	0.784067085954	0.808098591549	0.751789976134	0.908045977011	0.894736842105	0.862745098039	0.948608137045	0.796954314721	0.810666666667	0.967171717172	0.906444906445	0.887619047619	0.830466830467	0.799007444169	0.798264642082	0.822222222222	0.827205882353	0.858439201452	0.809426229508	0.981052631579	0.875874125874	0.917505030181	0.879159369527	0.882075471698	0.864661654135	0.844827586207	0.963829787234	0.964705882353	0.994884910486	0.977678571429	0.79177377892	0.804511278195	0.88475177305	0.833644859813	0.819371727749	0.839285714286	0.832116788321	0.80612244898	0.848258706468	0.843373493976	0.853754940711	0.919561243144	0.908221797323	0.923518164436	0.926587301587	0.92880794702	0.920577617329	0.947580645161	0.8175	0.869215291751	0.82302771855	0.904428904429	0.913385826772	0.882249560633	0.837155963303	0.918003565062	0.935146443515	0.927689594356	0.957356076759	0.970893970894	0.924623115578	0.871848739496	0.815789473684	0.840077071291	0.878003696858
CL2.141671	0.880681818182	0.862254025045	0.851024208566	0.997150997151	0.921568627451	0.892712550607	0.905930470348	0.873214285714	0.911320754717	0.904424778761	0.920212765957	0.855704697987	0.881742738589	0.928899082569	0.939110070258	0.817359855335	0.0	0.754266211604	0.795454545455	0.907742998353	0.87731092437	0.906367041199	0.844230769231	0.891485809683	0.828358208955	0.849206349206	0.867063492063	0.913109756098	0.905465288035	0.884547069272	0.947265625	0.901052631579	0.907079646018	0.951834862385	0.865612648221	0.852994555354	0.882729211087	0.898550724638	0.866290018832	0.826758147513	0.81724137931	0.838765008576	0.826492537313	0.970986460348	0.846410684474	0.902621722846	0.864686468647	0.925925925926	0.917926565875	0.9	0.973128598848	0.963906581741	0.986206896552	0.973630831643	0.888412017167	0.887711864407	0.8955954323	0.831304347826	0.919913419913	0.915948275862	0.906832298137	0.899786780384	0.912765957447	0.881355932203	0.85401459854	0.907692307692	0.914035087719	0.916666666667	0.94633273703	0.919129082426	0.912457912458	0.944444444444	0.903157894737	0.908765652952	0.892988929889	0.927536231884	0.882681564246	0.865671641791	0.907480314961	0.902847571189	0.939047619048	0.908485856905	0.951171875	0.963740458015	0.949227373068	0.90243902439	0.910284463895	0.847517730496	0.874570446735
CL3.141664	0.904424778761	0.891485809683	0.880208333333	0.997361477573	0.850549450549	0.802083333333	0.781385281385	0.912541254125	0.832046332046	0.92880794702	0.941860465116	0.858520900322	0.803797468354	0.838028169014	0.849282296651	0.729981378026	0.754266211604	0.0	0.79089376054	0.928682170543	0.877419354839	0.860335195531	0.878787878788	0.920436817473	0.74569789675	0.84509202454	0.757261410788	0.91348973607	0.922969187675	0.89932885906	0.961538461538	0.788546255507	0.797235023041	0.965884861407	0.885185185185	0.887015177066	0.837894736842	0.830897703549	0.793103448276	0.809364548495	0.804020100503	0.846153846154	0.816216216216	0.976234003656	0.878315132605	0.901610017889	0.896764252696	0.888888888889	0.864806866953	0.857442348008	0.98191681736	0.974155069583	0.989224137931	0.977011494253	0.818181818182	0.810752688172	0.8984375	0.827470686767	0.844298245614	0.858064516129	0.827004219409	0.812227074236	0.858050847458	0.831932773109	0.859130434783	0.92071197411	0.92880794702	0.933222036728	0.950680272109	0.938325991189	0.93690851735	0.95818815331	0.826923076923	0.882661996497	0.830540037244	0.881147540984	0.89241622575	0.875197472354	0.845544554455	0.905448717949	0.94973070018	0.921135646688	0.963302752294	0.967450271248	0.923076923077	0.915044247788	0.807256235828	0.820869565217	0.869205298013
CL4.141667	0.890595009597	0.871376811594	0.881481481481	0.997041420118	0.933628318584	0.901234567901	0.903361344538	0.91958041958	0.927756653992	0.906137184116	0.928057553957	0.873737373737	0.904166666667	0.951501154734	0.949880668258	0.83666061706	0.795454545455	0.79089376054	0.0	0.903878583474	0.920922570016	0.924670433145	0.871401151631	0.916805324459	0.854748603352	0.876971608833	0.884	0.923076923077	0.923076923077	0.913427561837	0.954274353877	0.910064239829	0.911764705882	0.952830188679	0.880239520958	0.88868940754	0.905781584582	0.920997920998	0.907235621521	0.862711864407	0.855442176871	0.882154882155	0.88	0.964071856287	0.862416107383	0.926966292135	0.889802631579	0.930672268908	0.883295194508	0.899563318777	0.96015936255	0.951434878587	0.985781990521	0.968619246862	0.89010989011	0.91754756871	0.911475409836	0.873504273504	0.917594654788	0.930131004367	0.904255319149	0.90652173913	0.905494505495	0.882863340564	0.873626373626	0.916955017301	0.927433628319	0.928315412186	0.943119266055	0.922590837283	0.899130434783	0.930902111324	0.91684434968	0.932021466905	0.914972273567	0.92094017094	0.894538606403	0.881666666667	0.911646586345	0.902564102564	0.918489065606	0.912013536379	0.947791164659	0.942115768463	0.957207207207	0.926829268293	0.924611973392	0.892173913043	0.902564102564
CM1.141723	0.859504132231	0.87358490566	0.839357429719	0.996794871795	0.975280898876	0.975806451613	0.985685071575	0.848249027237	0.973282442748	0.8671875	0.855421686747	0.904599659284	0.977505112474	0.988179669031	0.997578692494	0.897849462366	0.907742998353	0.928682170543	0.903878583474	0.0	0.944630872483	0.951923076923	0.925430210325	0.75745526839	0.953818827709	0.854757929883	0.970986460348	0.896890343699	0.843492586491	0.867307692308	0.896247240618	0.974522292994	0.984375	0.972972972973	0.927855711423	0.885338345865	0.976793248945	0.959915611814	0.949626865672	0.923205342237	0.919866444073	0.916808149406	0.944543828265	0.953290870488	0.839857651246	0.770786516854	0.834829443447	0.972340425532	0.980132450331	0.967602591793	0.931034482759	0.960648148148	0.971867007673	0.964523281596	0.963203463203	0.965957446809	0.872791519435	0.927118644068	0.980044345898	0.971175166297	0.976987447699	0.982942430704	0.980561555076	0.957356076759	0.913284132841	0.782961460446	0.736383442266	0.928838951311	0.888888888889	0.840989399293	0.854716981132	0.875	0.970085470085	0.936685288641	0.96303142329	0.97867803838	0.953358208955	0.912310286678	0.965931863727	0.865561694291	0.868995633188	0.882246376812	0.919739696312	0.923076923077	0.981351981352	0.916666666667	0.98	0.948364888124	0.923076923077
CO1.141714	0.930902111324	0.934513274336	0.924354243542	0.996845425868	0.917840375587	0.908510638298	0.927194860814	0.87358490566	0.822125813449	0.885714285714	0.908918406072	0.844919786096	0.913978494624	0.936117936118	0.955112219451	0.888888888889	0.87731092437	0.877419354839	0.920922570016	0.944630872483	0.0	0.775055679287	0.879446640316	0.956953642384	0.857692307692	0.911811023622	0.899590163934	0.866444073456	0.891849529781	0.837573385519	0.925531914894	0.913140311804	0.940092165899	0.970802919708	0.911290322581	0.90676416819	0.943965517241	0.865603644647	0.845528455285	0.855633802817	0.839857651246	0.851785714286	0.802816901408	0.938166311301	0.890202702703	0.942528735632	0.919008264463	0.950537634409	0.975877192982	0.947712418301	0.949685534591	0.961098398169	0.979949874687	0.960352422907	0.89497716895	0.901565995526	0.904599659284	0.782442748092	0.943181818182	0.94606741573	0.930735930736	0.958963282937	0.958515283843	0.951167728238	0.937388193202	0.958691910499	0.959074733096	0.859683794466	0.920233463035	0.939004815409	0.91296625222	0.928	0.837708830549	0.836363636364	0.849593495935	0.866510538642	0.803382663848	0.859649122807	0.891489361702	0.906690140845	0.939148073022	0.895204262877	0.949895615866	0.952674897119	0.916666666667	0.863917525773	0.905660377358	0.787401574803	0.834896810507
CO2.141657	0.939461883408	0.923076923077	0.917570498915	0.995708154506	0.897660818713	0.874015748031	0.879032258065	0.903846153846	0.772727272727	0.871621621622	0.901565995526	0.862903225806	0.889182058047	0.922839506173	0.908794788274	0.839826839827	0.906367041199	0.860335195531	0.924670433145	0.951923076923	0.775055679287	0.0	0.881944444444	0.95	0.819444444444	0.902350813743	0.853164556962	0.885767790262	0.910839160839	0.808411214953	0.950124688279	0.887052341598	0.903790087464	0.963302752294	0.91169451074	0.906382978723	0.931578947368	0.8	0.807881773399	0.854251012146	0.821576763485	0.859183673469	0.777511961722	0.970149253731	0.893822393822	0.943566591422	0.916349809886	0.942408376963	0.939058171745	0.927419354839	0.954887218045	0.975069252078	0.971337579618	0.981627296588	0.853868194842	0.856741573034	0.893069306931	0.763392857143	0.920679886686	0.903133903134	0.918205804749	0.91553133515	0.926229508197	0.937823834197	0.939708939709	0.955911823647	0.949685534591	0.887133182844	0.934389140271	0.929499072356	0.931174089069	0.941451990632	0.748447204969	0.836879432624	0.798004987531	0.840579710145	0.846889952153	0.849593495935	0.882352941176	0.901840490798	0.937046004843	0.913131313131	0.955112219451	0.960880195599	0.905198776758	0.871980676329	0.844984802432	0.788154897494	0.862288135593
CO3.141651	0.893905191874	0.894628099174	0.873362445415	0.996	0.929347826087	0.938095238095	0.936274509804	0.862660944206	0.925507900677	0.822727272727	0.863534675615	0.874031007752	0.931707317073	0.957264957265	0.958579881657	0.90495049505	0.844230769231	0.878787878788	0.871401151631	0.925430210325	0.879446640316	0.881944444444	0.0	0.893909626719	0.908902691511	0.924137931034	0.924485125858	0.885245901639	0.892733564014	0.88110403397	0.902255639098	0.936868686869	0.940700808625	0.921212121212	0.854721549637	0.914110429448	0.937185929648	0.903307888041	0.894039735099	0.895833333333	0.875	0.911153119093	0.893081761006	0.9225	0.845401174168	0.905191873589	0.896616541353	0.965601965602	0.93899204244	0.949494949495	0.912280701754	0.912921348315	0.950617283951	0.942558746736	0.928020565553	0.94	0.927374301676	0.869306930693	0.952631578947	0.958549222798	0.943069306931	0.95202020202	0.946015424165	0.929824561404	0.943887775551	0.917505030181	0.920833333333	0.85393258427	0.903370786517	0.910091743119	0.873966942149	0.877990430622	0.917525773196	0.923890063425	0.924568965517	0.905511811024	0.839534883721	0.847826086957	0.934272300469	0.855371900826	0.89588377724	0.874239350913	0.904522613065	0.905940594059	0.972602739726	0.907449209932	0.929919137466	0.904191616766	0.821276595745
CR1.141682	0.873727087576	0.878048780488	0.855731225296	1.0	0.977628635347	0.975855130785	0.973140495868	0.844054580897	0.963461538462	0.854043392505	0.869306930693	0.924874791319	0.975460122699	0.98820754717	0.98533007335	0.9	0.891485809683	0.920436817473	0.916805324459	0.75745526839	0.956953642384	0.95	0.893909626719	0.0	0.957597173145	0.882926829268	0.976967370441	0.898858075041	0.860615883306	0.895131086142	0.891592920354	0.974576271186	0.979865771812	0.949874686717	0.917171717172	0.889719626168	0.976842105263	0.966527196653	0.957486136784	0.94616639478	0.927152317881	0.93143812709	0.942754919499	0.942184154176	0.831842576029	0.762979683973	0.849557522124	0.976744186047	0.977924944812	0.967672413793	0.935760171306	0.943661971831	0.97193877551	0.966887417219	0.963282937365	0.976890756303	0.90206185567	0.934453781513	0.980088495575	0.98249452954	0.979166666667	0.976445396146	0.97619047619	0.966244725738	0.93115942029	0.755693581781	0.742424242424	0.924953095685	0.882352941176	0.857391304348	0.852830188679	0.860813704497	0.978858350951	0.96	0.9573283859	0.985200845666	0.951492537313	0.908783783784	0.980276134122	0.874087591241	0.874186550976	0.888489208633	0.912854030501	0.897379912664	0.990783410138	0.929549902153	0.975501113586	0.957410562181	0.913732394366
DF1.141684	0.913865546218	0.910852713178	0.898580121704	0.996389891697	0.814084507042	0.777777777778	0.773936170213	0.92471042471	0.787951807229	0.943798449612	0.950980392157	0.857142857143	0.782722513089	0.830357142857	0.837423312883	0.784067085954	0.828358208955	0.74569789675	0.854748603352	0.953818827709	0.857692307692	0.819444444444	0.908902691511	0.957597173145	0.0	0.885273972603	0.725641025641	0.933222036728	0.952904238619	0.898608349901	0.97577092511	0.805333333333	0.78612716763	0.967654986523	0.920086393089	0.916504854369	0.831168831169	0.772117962466	0.805429864253	0.803921568627	0.795275590551	0.835907335907	0.78021978022	0.984478935698	0.894265232975	0.939958592133	0.91519434629	0.888337468983	0.876315789474	0.831134564644	0.977827050998	0.965	0.991758241758	0.990654205607	0.790190735695	0.781081081081	0.923214285714	0.79435483871	0.816155988858	0.834239130435	0.820779220779	0.808625336927	0.831550802139	0.844783715013	0.887550200803	0.947858472998	0.955938697318	0.940828402367	0.951120162933	0.959798994975	0.96	0.979423868313	0.761772853186	0.869198312236	0.765258215962	0.873096446701	0.863930885529	0.904847396768	0.818181818182	0.933944954128	0.970149253731	0.943738656987	0.977924944812	0.982646420824	0.916442048518	0.893939393939	0.785100286533	0.819672131148	0.880539499037
DF2.141726	0.843691148776	0.833628318584	0.829981718464	0.997326203209	0.931958762887	0.918406072106	0.947169811321	0.868512110727	0.913043478261	0.902564102564	0.904679376083	0.805084745763	0.931558935361	0.950749464668	0.962962962963	0.808098591549	0.849206349206	0.84509202454	0.876971608833	0.854757929883	0.911811023622	0.902350813743	0.924137931034	0.882926829268	0.885273972603	0.0	0.90405904059	0.884848484848	0.86646884273	0.827027027027	0.939622641509	0.933463796477	0.944897959184	0.951965065502	0.888268156425	0.821942446043	0.923228346457	0.909626719057	0.877917414722	0.84477124183	0.850891410049	0.823529411765	0.854130052724	0.972222222222	0.835236541599	0.876383763838	0.84013050571	0.937621832359	0.939271255061	0.92	0.970479704797	0.961382113821	0.989106753813	0.976789168279	0.904858299595	0.92759295499	0.801369863014	0.87358184765	0.945454545455	0.933062880325	0.936293436293	0.945205479452	0.950884086444	0.925925925926	0.847787610619	0.881756756757	0.881533101045	0.908777969019	0.914893617021	0.89708141321	0.915721231767	0.929602888087	0.918489065606	0.865591397849	0.899293286219	0.955598455598	0.935042735043	0.8759936407	0.919626168224	0.888524590164	0.927911275416	0.89233278956	0.959107806691	0.969034608379	0.962577962578	0.859287054409	0.930184804928	0.883913764511	0.875621890547
DF3.141696	0.92523364486	0.925531914894	0.927152317881	0.995454545455	0.766101694915	0.69592476489	0.741433021807	0.956158663883	0.791327913279	0.968287526427	0.972043010753	0.902390438247	0.725	0.741573033708	0.780303030303	0.751789976134	0.867063492063	0.757261410788	0.884	0.970986460348	0.899590163934	0.853164556962	0.924485125858	0.976967370441	0.725641025641	0.90405904059	0.0	0.956989247312	0.966101694915	0.917211328976	0.987593052109	0.705298013245	0.717314487633	0.974842767296	0.924757281553	0.922580645161	0.787037037037	0.735015772871	0.782945736434	0.84309623431	0.853305785124	0.883435582822	0.822695035461	0.994987468672	0.943396226415	0.961187214612	0.945075757576	0.866666666667	0.836477987421	0.808641975309	0.982367758186	0.98	0.996763754045	0.983739837398	0.731147540984	0.703947368421	0.956022944551	0.87525987526	0.785478547855	0.792207792208	0.778461538462	0.766025641026	0.8125	0.807807807808	0.905286343612	0.969574036511	0.979079497908	0.951965065502	0.975391498881	0.976406533575	0.965863453815	0.988479262673	0.769716088328	0.903890160183	0.791237113402	0.858407079646	0.90675990676	0.922027290448	0.798866855524	0.960317460317	0.983293556086	0.966535433071	0.985	0.985221674877	0.897763578275	0.919047619048	0.75593220339	0.856828193833	0.912863070539
GB1.141665	0.928825622776	0.92880794702	0.919104991394	0.997237569061	0.965235173824	0.953095684803	0.969811320755	0.847396768402	0.936708860759	0.811320754717	0.819047619048	0.873170731707	0.960302457467	0.976445396146	0.982456140351	0.908045977011	0.913109756098	0.91348973607	0.923076923077	0.896890343699	0.866444073456	0.885767790262	0.885245901639	0.898858075041	0.933222036728	0.884848484848	0.956989247312	0.0	0.787096774194	0.814471243043	0.865979381443	0.963035019455	0.971486761711	0.936363636364	0.912639405204	0.891379310345	0.971153846154	0.931102362205	0.922671353251	0.903785488959	0.87216828479	0.888529886914	0.902229845626	0.866388308977	0.835820895522	0.908592321755	0.885167464115	0.961013645224	0.982107355865	0.96062992126	0.887983706721	0.878651685393	0.956120092379	0.916142557652	0.954545454545	0.95719844358	0.860927152318	0.893030794165	0.971774193548	0.97609561753	0.973333333333	0.974708171206	0.972440944882	0.967432950192	0.936772046589	0.914858096828	0.90625	0.833020637899	0.863636363636	0.83498349835	0.824686940966	0.871844660194	0.927419354839	0.895017793594	0.941074523397	0.946215139442	0.887067395264	0.853135313531	0.96336996337	0.837696335079	0.845528455285	0.817375886525	0.890688259109	0.885311871227	0.966029723992	0.888059701493	0.959100204499	0.887205387205	0.865417376491
GB2.141732	0.921232876712	0.907766990291	0.897478991597	0.997435897436	0.971098265896	0.971929824561	0.978647686833	0.809946714032	0.945205479452	0.820788530466	0.821818181818	0.8751950078	0.976991150442	0.981891348089	0.98347107438	0.894736842105	0.905465288035	0.922969187675	0.923076923077	0.843492586491	0.891849529781	0.910839160839	0.892733564014	0.860615883306	0.952904238619	0.86646884273	0.966101694915	0.787096774194	0.0	0.802513464991	0.832323232323	0.970642201835	0.980879541109	0.951374207188	0.913120567376	0.905383360522	0.970749542962	0.95802919708	0.931666666667	0.911144578313	0.901515151515	0.893353941267	0.912052117264	0.891262135922	0.854003139717	0.855311355311	0.858712715856	0.974405850091	0.979206049149	0.972273567468	0.902485659656	0.920081967213	0.963282937365	0.93137254902	0.953007518797	0.968921389397	0.837662337662	0.88031496063	0.973282442748	0.971537001898	0.978378378378	0.981651376147	0.987108655617	0.974683544304	0.94126984127	0.884868421053	0.867469879518	0.871527777778	0.841328413284	0.818035426731	0.794014084507	0.846590909091	0.943396226415	0.912897822446	0.952459016393	0.954971857411	0.924242424242	0.864992150706	0.956063268893	0.858552631579	0.84046692607	0.843594009983	0.888030888031	0.889312977099	0.965863453815	0.885714285714	0.973231357553	0.914960629921	0.8896
GB3.141652	0.895299145299	0.882703777336	0.882716049383	0.996389891697	0.928753180662	0.925	0.954648526077	0.829831932773	0.869662921348	0.810043668122	0.821585903084	0.835249042146	0.931034482759	0.949197860963	0.964480874317	0.862745098039	0.884547069272	0.89932885906	0.913427561837	0.867307692308	0.837573385519	0.808411214953	0.88110403397	0.895131086142	0.898608349901	0.827027027027	0.917211328976	0.814471243043	0.802513464991	0.0	0.908450704225	0.940898345154	0.947368421053	0.959239130435	0.896247240618	0.879518072289	0.967889908257	0.882926829268	0.857142857143	0.886861313869	0.864564007421	0.870786516854	0.858024691358	0.939814814815	0.84456928839	0.874725274725	0.873394495413	0.950819672131	0.971084337349	0.962529274005	0.942660550459	0.951898734177	0.977715877437	0.983529411765	0.898263027295	0.90799031477	0.819960861057	0.829745596869	0.950617283951	0.951100244499	0.95871559633	0.96	0.961995249406	0.96583143508	0.930501930502	0.894324853229	0.89898989899	0.857446808511	0.877995642702	0.887096774194	0.884990253411	0.905077262693	0.893564356436	0.829694323144	0.885593220339	0.937799043062	0.901878914405	0.857677902622	0.931111111111	0.840319361277	0.897260273973	0.878612716763	0.945330296128	0.934090909091	0.947643979058	0.822580645161	0.92385786802	0.861660079051	0.849504950495
