	AR1.141727	AR2.141703	AR3.141705	BB1.141690	BB2.141659	BF1.141647	BF2.141708	BP1.141702	BZ1.141724	CA1.141704	CA2.141685	CC1.141721	CF1.141675	CF2.141679	CF3.141691	CL1.141697	CL2.141671	CL3.141664	CL4.141667	CM1.141723	CO1.141714	CO2.141657	CO3.141651	CR1.141682	DF1.141684	DF2.141726	DF3.141696	GB1.141665	GB2.141732	GB3.141652	GB5.141668	HF1.141663	HF2.141686	HI1.141693	HI2.141672	HI3.141676	HI4.141735	HJ1.141718	HJ2.141717	IE1.141648	IE2.141655	IT1.141711	IT2.141720	JT1.141699	KP1.141713	KP3.141658	KP4.141733	LQ1.141701	LQ2.141729	LQ3.141712	MD2.141689	MD3.141707	MD4.141660	MD5.141688	MP1.141661	MP2.141695	MT1.141719	MT2.141698	PE1.141715	PE2.141725	PE3.141731	PE4.141683	PE5.141692	PE6.141700	PE7.141734	RT1.141654	RT2.141710	SA1.141670	SA2.141687	SB1.141730	SF1.141728	SF2.141677	SK1.141669	SK2.141662	SK3.141716	SN1.141681	SN3.141650	SP1.141656	SP2.141678	SR1.141680	SR2.141673	SR3.141674	SV1.141649	SV2.141666	TL1.141653	TL2.141706	TL3.141709	VC1.141722	VC2.141694
AR1.141727	0.0	0.637941723497	0.574387947269	0.992874109264	0.8925795053	0.90625	0.91933240612	0.827608554763	0.917662682603	0.870113493064	0.872847682119	0.790936555891	0.895104895105	0.936073059361	0.944532488114	0.820742637644	0.815420560748	0.841304347826	0.8163507109	0.77089421391	0.899497487437	0.898936170213	0.830839297332	0.788206979543	0.860406091371	0.749578888265	0.883656509695	0.880764904387	0.863982589771	0.825157232704	0.895231699127	0.903014416776	0.912011173184	0.904458598726	0.817301875378	0.798479087452	0.905604719764	0.873381294964	0.866320571058	0.817762399077	0.838669950739	0.858851674641	0.844598862919	0.965925925926	0.731182795699	0.763636363636	0.688466111772	0.904893177119	0.883834849545	0.885409726849	0.935270805812	0.950226244344	0.980845969673	0.979224376731	0.872310895212	0.923131672598	0.874151758174	0.891124260355	0.913165266106	0.907076483202	0.891420911528	0.912027491409	0.898560657985	0.873107426099	0.757725587145	0.814837522992	0.802197802198	0.921052631579	0.916359163592	0.915068493151	0.891463414634	0.899170389279	0.908594815825	0.883026064844	0.892	0.944289693593	0.924752475248	0.861456483126	0.914087176248	0.852222917971	0.914649681529	0.899937460913	0.941372418388	0.947229551451	0.950292397661	0.845430107527	0.913229018492	0.903881700555	0.819076923077
AR2.141703	0.637941723497	0.0	0.577922077922	0.989860583016	0.886930983847	0.898520084567	0.919133574007	0.813422818792	0.894012388162	0.859099804305	0.839396019218	0.774032459426	0.886710239651	0.93973037272	0.947063688999	0.802518223989	0.776974080772	0.819809736989	0.788379204893	0.780458383595	0.88693957115	0.875947622329	0.801886792453	0.796146674953	0.851608667104	0.725694444444	0.872034507549	0.879420289855	0.840896358543	0.799609629148	0.909470752089	0.900882552614	0.920232052212	0.908561928512	0.80125	0.754754098361	0.895625479662	0.868362004488	0.842741935484	0.796549672814	0.801400381922	0.835701050031	0.83137254902	0.961449498843	0.743368291178	0.775829680651	0.731123388582	0.889842632332	0.857558139535	0.882596685083	0.952087611225	0.959151610369	0.988333333333	0.976994967649	0.863112391931	0.909763313609	0.832908163265	0.849725106903	0.918545454545	0.893016344725	0.904100069493	0.917261055635	0.883357041252	0.839580209895	0.718849840256	0.807351077313	0.799196787149	0.914110429448	0.902097902098	0.89196872779	0.856332703214	0.89035667107	0.898089171975	0.847368421053	0.864547339323	0.924801156905	0.879616963064	0.819070904645	0.912418300654	0.821243523316	0.916941331575	0.880983182406	0.940607734807	0.956254272044	0.965019011407	0.836933797909	0.923133776792	0.863694267516	0.838422391858
AR3.141705	0.574387947269	0.577922077922	0.0	0.994798439532	0.906110283159	0.907076483202	0.92380952381	0.787755102041	0.914863921842	0.855915399868	0.849686847599	0.778761061947	0.882092851879	0.93875906527	0.951219512195	0.809267965077	0.765710799268	0.808715336729	0.805572755418	0.730158730159	0.882817643186	0.881201956674	0.781420765027	0.750786658276	0.840319361277	0.724824355972	0.890590809628	0.86862170088	0.825495750708	0.812788398154	0.906779661017	0.916035788025	0.933774834437	0.901944209637	0.767088607595	0.739534883721	0.887763055339	0.86940015186	0.861035422343	0.802528597231	0.788523533204	0.838649155722	0.834437086093	0.96397807361	0.690193628982	0.712111604312	0.683032939714	0.896952104499	0.882005899705	0.887955182073	0.934767522554	0.95530726257	0.983050847458	0.979576951131	0.890350877193	0.917417417417	0.828165374677	0.82683982684	0.915867158672	0.909502262443	0.919661733615	0.926193921852	0.89898989899	0.858447488584	0.739805825243	0.757381258023	0.735413839891	0.908776779544	0.902124919511	0.897620764239	0.864709636248	0.85140562249	0.912419239052	0.836	0.889278206027	0.953044754219	0.883495145631	0.829207920792	0.929801324503	0.818897637795	0.90380761523	0.879423328965	0.918767507003	0.926541926542	0.970656370656	0.857243816254	0.939984996249	0.889032258065	0.786082474227
BB1.141690	0.992874109264	0.989860583016	0.994798439532	0.0	1.0	0.987654320988	1.0	0.994436717663	1.0	0.98687664042	0.98833819242	0.992779783394	1.0	1.0	1.0	0.991869918699	0.995495495495	0.994094488189	0.99537037037	0.995490417136	0.994791666667	0.991176470588	0.991584852735	1.0	0.989361702128	0.995820271682	0.987096774194	0.991614255765	0.992110453649	0.98955613577	1.0	0.991452991453	0.990131578947	1.0	0.992762364294	0.989389920424	0.981203007519	0.989399293286	0.986052998605	0.993406593407	0.99	0.992924528302	0.989459815547	1.0	0.990588235294	0.992736077482	0.995337995338	0.99043062201	1.0	0.988183161004	1.0	1.0	1.0	1.0	0.987034035656	0.989672977625	0.992471769134	0.993071593533	0.983443708609	1.0	1.0	1.0	1.0	0.992895204263	1.0	0.992565055762	1.0	0.988505747126	1.0	0.990566037736	0.992647058824	0.991924629879	0.98753894081	0.994659546061	1.0	0.990196078431	0.991316931983	0.988439306358	1.0	0.992238033635	0.991957104558	0.987096774194	1.0	1.0	1.0	0.993975903614	0.989690721649	0.992490613267	1.0
BB2.141659	0.8925795053	0.886930983847	0.906110283159	1.0	0.0	0.54954954955	0.656276326874	0.93653250774	0.665338645418	0.955056179775	0.95552025417	0.809116809117	0.528413910093	0.589840075259	0.60237388724	0.708619374523	0.869952087611	0.724354940214	0.895615866388	0.960273972603	0.867263236391	0.819632881085	0.894245723173	0.95747696669	0.711698113208	0.871895424837	0.642917015926	0.943680419122	0.953371140517	0.874533233757	0.966074313409	0.609411764706	0.640982218459	0.960199004975	0.878744650499	0.909570459683	0.717647058824	0.627743634767	0.641860465116	0.796358732299	0.825200291333	0.852216748768	0.812312312312	0.996360327571	0.921293042867	0.952823445318	0.925925925926	0.8	0.784380305603	0.7456	0.990498812352	0.981395348837	1.0	0.989941324392	0.620168067227	0.568457538995	0.918248175182	0.856845031272	0.626168224299	0.634146341463	0.622884770346	0.647840531561	0.740066225166	0.744718309859	0.840526700805	0.96231884058	0.956790123457	0.93853427896	0.963636363636	0.968569065343	0.956803455724	0.98632218845	0.710288065844	0.81845688351	0.676541232986	0.856540084388	0.884493670886	0.910987482615	0.612612612613	0.933135215453	0.977255496588	0.959940652819	0.9808	1.0	0.77260519248	0.833468067906	0.650216450216	0.813411078717	0.851528384279
BF1.141647	0.90625	0.898520084567	0.907076483202	0.987654320988	0.54954954955	0.0	0.488745980707	0.942179392142	0.682926829268	0.958333333333	0.952887537994	0.800136892539	0.482200647249	0.517857142857	0.561797752809	0.652046783626	0.827404479578	0.675577156744	0.843373493976	0.960448253131	0.865522174535	0.804580152672	0.898734177215	0.959128065395	0.664254703329	0.862633900441	0.5488	0.924242424242	0.956204379562	0.878223495702	0.984555984556	0.465465465465	0.513731825525	0.966101694915	0.887594242632	0.904624277457	0.616179001721	0.655518394649	0.624350408315	0.771428571429	0.784615384615	0.82949932341	0.769618430526	1.0	0.908108108108	0.946428571429	0.922043010753	0.761336515513	0.753846153846	0.674062739097	0.987878787879	0.975265017668	1.0	0.9808	0.536487570168	0.534269199009	0.920112123336	0.827540106952	0.572123176661	0.576763485477	0.570107858243	0.554321966693	0.661660079051	0.66974015088	0.814606741573	0.955462769659	0.958610495196	0.94419306184	0.963687150838	0.971563981043	0.96265560166	0.982520029133	0.720125786164	0.857868020305	0.696784073507	0.80193236715	0.886449659349	0.896989966555	0.638588912887	0.940128296507	0.975290697674	0.955871886121	0.981637337414	0.993948562784	0.783645655877	0.888717156105	0.592409240924	0.78866340098	0.850454227813
BF2.141708	0.91933240612	0.919133574007	0.92380952381	1.0	0.656276326874	0.488745980707	0.0	0.948288973384	0.697965571205	0.967599410898	0.973478939158	0.861247372109	0.554076539101	0.530386740331	0.512572533849	0.691154422789	0.850404312668	0.64888337469	0.841095890411	0.97842211733	0.884164222874	0.813479623824	0.902215431627	0.953974895397	0.673590504451	0.907276239536	0.621710526316	0.952258064516	0.966459627329	0.925110132159	0.982553528945	0.522342064715	0.466777408638	0.970817120623	0.915789473684	0.917037037037	0.687943262411	0.734939759036	0.734958111196	0.810092961487	0.828080229226	0.873961218837	0.791881918819	0.996434937611	0.926694329184	0.962025316456	0.939477303989	0.793949304988	0.758534554538	0.707776904949	0.984447900467	0.978142076503	0.994146341463	0.985197368421	0.629018961253	0.597281223449	0.954055994257	0.834473324213	0.583333333333	0.653287788215	0.617088607595	0.574572127139	0.653939886271	0.72044866264	0.851798561151	0.967213114754	0.966641394996	0.952012383901	0.964234620887	0.983766233766	0.973087818697	0.989544436146	0.722132471729	0.891449814126	0.740566037736	0.826158940397	0.874125874126	0.94250513347	0.713653136531	0.969320672023	0.988077496274	0.962071480671	0.989002356638	0.993788819876	0.817543859649	0.928571428571	0.601018675722	0.803584229391	0.888332140301
BP1.141702	0.827608554763	0.813422818792	0.787755102041	0.994436717663	0.93653250774	0.942179392142	0.948288973384	0.0	0.874186550976	0.71018455229	0.714491708724	0.795039164491	0.931140015302	0.952980688497	0.956101843723	0.812369701181	0.799874134676	0.847408270239	0.860702875399	0.735516372796	0.786249149081	0.83490224475	0.74540311174	0.730994152047	0.885753613214	0.785283474065	0.927327781983	0.752265861027	0.694460641399	0.709611451943	0.812591508053	0.933000712758	0.955691367456	0.906443071492	0.818300653595	0.830927835052	0.951338199513	0.908445146014	0.864598025388	0.875853507138	0.848101265823	0.855390574564	0.83698630137	0.898940505297	0.726627981947	0.762933857236	0.76908274535	0.94578313253	0.952526799387	0.947750362845	0.864845434939	0.87863674148	0.961061946903	0.96214988645	0.930197268589	0.92511700468	0.791722296395	0.804722399489	0.952490421456	0.952978056426	0.947406866326	0.95045045045	0.962574850299	0.938291139241	0.896989966555	0.790450928382	0.769662921348	0.783822476736	0.795076513639	0.799551234106	0.728411338167	0.778393351801	0.901712583768	0.83724137931	0.899782135076	0.920792079208	0.859195402299	0.779054916986	0.938356164384	0.751696065129	0.765031098825	0.791327913279	0.870827285922	0.846374730797	0.94859437751	0.803663003663	0.934528448948	0.841333333333	0.78828229028
BZ1.141724	0.917662682603	0.894012388162	0.914863921842	1.0	0.665338645418	0.682926829268	0.697965571205	0.874186550976	0.0	0.917251051893	0.92	0.792642140468	0.696062992126	0.733102253033	0.7277676951	0.726105563481	0.859536082474	0.720238095238	0.887434554974	0.950999355255	0.72905027933	0.636904761905	0.883805374001	0.938748335553	0.668079096045	0.86181369525	0.672897196262	0.89369592089	0.909415971395	0.801398601399	0.962377727615	0.686676427526	0.690251572327	0.976277372263	0.906229068989	0.889985895628	0.801003344482	0.655284552846	0.649529326575	0.766200762389	0.739071038251	0.794973544974	0.683766690091	0.973109243697	0.899603698811	0.948993288591	0.923784494087	0.869868319132	0.900709219858	0.86129753915	0.966026587888	0.979416809605	0.992680695334	0.989096573209	0.631537861046	0.593574297189	0.886379192334	0.725490196078	0.727129337539	0.762711864407	0.749249249249	0.745173745174	0.8506543495	0.853300733496	0.901234567901	0.953772943576	0.946647440519	0.894117647059	0.953615279673	0.946153846154	0.936486486486	0.971570717839	0.575803981623	0.729653220099	0.565671641791	0.763322884013	0.836162361624	0.849574885546	0.659873506676	0.910925539318	0.958865248227	0.923558026407	0.976137211037	0.967551622419	0.690397350993	0.831325301205	0.616372391653	0.654135338346	0.81023890785
CA1.141704	0.870113493064	0.859099804305	0.855915399868	0.98687664042	0.955056179775	0.958333333333	0.967599410898	0.71018455229	0.917251051893	0.0	0.626573426573	0.806984126984	0.97037037037	0.970826580227	0.984771573604	0.858299595142	0.854166666667	0.880681818182	0.849502487562	0.776824034335	0.810846560847	0.793539325843	0.710363761153	0.752212389381	0.909090909091	0.835390946502	0.948680351906	0.691401648999	0.703071672355	0.701986754967	0.751596877218	0.952973720609	0.971893491124	0.877551020408	0.853782581055	0.878504672897	0.952978056426	0.926717557252	0.886379192334	0.897218863362	0.852331606218	0.844221105528	0.842980705256	0.826771653543	0.761606022585	0.780891719745	0.811485642946	0.963530269876	0.980726464047	0.963406052076	0.806136680614	0.810593900482	0.921568627451	0.926686217009	0.935341660544	0.941132075472	0.79493835172	0.812422360248	0.958456973294	0.956027293404	0.970254957507	0.963636363636	0.984046410442	0.96480489671	0.911573472042	0.797549967763	0.806407634628	0.683333333333	0.750323415265	0.772463768116	0.676923076923	0.726967047747	0.91341991342	0.837910247823	0.891549295775	0.908554572271	0.824390243902	0.751398384089	0.949434464405	0.683586025049	0.684563758389	0.714285714286	0.800140745954	0.784122562674	0.951863354037	0.832386363636	0.93665158371	0.847051198963	0.756634304207
CA2.141685	0.872847682119	0.839396019218	0.849686847599	0.98833819242	0.95552025417	0.952887537994	0.973478939158	0.714491708724	0.92	0.626573426573	0.0	0.818545697131	0.979591836735	0.981001727116	0.98191681736	0.857752489331	0.867609254499	0.899049881235	0.882506527415	0.754340836013	0.844011142061	0.833827893175	0.756698044895	0.768924302789	0.925352112676	0.835076923077	0.951863354037	0.713933415536	0.705112960761	0.726638772664	0.714928732183	0.96496350365	0.971786833856	0.912727272727	0.885103540414	0.881856540084	0.961666666667	0.927066450567	0.904693140794	0.891001267427	0.861035422343	0.879947229551	0.882270497547	0.79229480737	0.737812911726	0.777777777778	0.799475753604	0.949034749035	0.978004713276	0.973234200743	0.79234167894	0.852991452991	0.92160437557	0.891304347826	0.929961089494	0.955164131305	0.81843003413	0.829204693611	0.971698113208	0.971037811746	0.968562874251	0.96766743649	0.980046047583	0.970755483347	0.932968536252	0.807457627119	0.774263120058	0.744868035191	0.718367346939	0.722392638037	0.677897574124	0.722182849043	0.911450381679	0.870148200423	0.915178571429	0.9421875	0.845474613687	0.784735812133	0.943938332165	0.689104788341	0.68882602546	0.693693693694	0.782899628253	0.785294117647	0.947194719472	0.845345345345	0.9472	0.85139740968	0.790333560245
CC1.141721	0.790936555891	0.774032459426	0.778761061947	0.992779783394	0.809116809117	0.800136892539	0.861247372109	0.795039164491	0.792642140468	0.806984126984	0.818545697131	0.0	0.812544045102	0.878741366078	0.886490807354	0.717601547389	0.77189888301	0.765992345544	0.788908765653	0.84	0.74826059456	0.776289350301	0.796854521625	0.871592973955	0.761022364217	0.68813559322	0.817166782973	0.786078098472	0.788724685276	0.732742241925	0.891745602165	0.821782178218	0.864883884588	0.905220883534	0.823386114495	0.781748564135	0.818587360595	0.794053662074	0.760784313725	0.716773070226	0.682579045257	0.715833835039	0.750636132316	0.929798356983	0.713770294648	0.860890787065	0.747456612807	0.877777777778	0.875881523272	0.852348993289	0.944111776447	0.946768060837	0.983896940419	0.969295184927	0.812587412587	0.83931133429	0.737888198758	0.69148302561	0.867325335215	0.845821325648	0.854152599595	0.880886426593	0.89226519337	0.848837209302	0.785936527691	0.864197530864	0.872395833333	0.843605036448	0.886068111455	0.884057971014	0.858809085328	0.894601542416	0.803436426117	0.741357234315	0.783747481531	0.893333333333	0.816489361702	0.7747318236	0.797709923664	0.776796973518	0.901218729955	0.861460957179	0.936912751678	0.952159468439	0.887988209285	0.707515233582	0.879569892473	0.775434243176	0.697645600991
CF1.141675	0.895104895105	0.886710239651	0.882092851879	1.0	0.528413910093	0.482200647249	0.554076539101	0.931140015302	0.696062992126	0.97037037037	0.979591836735	0.812544045102	0.0	0.52319109462	0.58089668616	0.668174962293	0.819783197832	0.675810473815	0.85261707989	0.966101694915	0.867256637168	0.82334384858	0.893927747886	0.955119214586	0.677611940299	0.874433656958	0.587748344371	0.933852140078	0.958801498127	0.883308714919	0.980845969673	0.508527131783	0.533444816054	0.972549019608	0.896965419901	0.900149031297	0.646428571429	0.656845753899	0.67662835249	0.779706275033	0.809798270893	0.860724233983	0.789161098738	0.992818671454	0.908205841446	0.932107496464	0.905947441217	0.758024691358	0.775356244761	0.713833992095	0.987480438185	0.974311926606	0.996066863324	0.986754966887	0.585062240664	0.527801539778	0.927797833935	0.839064649243	0.540268456376	0.588993981083	0.597133757962	0.579983593109	0.702371218316	0.702867072111	0.82489146165	0.951254480287	0.955758962624	0.954828660436	0.961151079137	0.977124183007	0.960113960114	0.980465815177	0.710569105691	0.839940164547	0.699367088608	0.823333333333	0.881157154027	0.914659325533	0.646622123237	0.948567229978	0.982008995502	0.951577402788	0.990513833992	0.9921875	0.759717314488	0.875399361022	0.584615384615	0.82408074982	0.870410367171
CF2.141679	0.936073059361	0.93973037272	0.93875906527	1.0	0.589840075259	0.517857142857	0.530386740331	0.952980688497	0.733102253033	0.970826580227	0.981001727116	0.878741366078	0.52319109462	0.0	0.437362637363	0.725619834711	0.880882352941	0.715053763441	0.922155688623	0.98233995585	0.898387096774	0.869791666667	0.937552742616	0.980152671756	0.745098039216	0.917424772568	0.615384615385	0.960729312763	0.969044414536	0.919224555735	0.984168865435	0.499148211244	0.487037037037	0.975663716814	0.935434281322	0.952691680261	0.721115537849	0.707129094412	0.724137931034	0.846599131693	0.87106918239	0.901515151515	0.844029244517	0.993987975952	0.956127080182	0.953775038521	0.956390977444	0.799818016379	0.784586815227	0.756309834639	0.994836488812	0.971252566735	1.0	0.972527472527	0.634527089073	0.593542260209	0.954294720252	0.883408071749	0.57063197026	0.533906399236	0.584210526316	0.566636446056	0.719963866305	0.742995169082	0.879936808847	0.982799061767	0.971548117155	0.962328767123	0.971742543171	0.985559566787	0.968944099379	0.99012345679	0.761220825853	0.880425880426	0.749128919861	0.846863468635	0.910576096303	0.940164547494	0.668562144598	0.967871485944	0.980295566502	0.969526864475	0.98955613577	0.989690721649	0.814960629921	0.913732394366	0.58064516129	0.855232100708	0.915161036921
CF3.141691	0.944532488114	0.947063688999	0.951219512195	1.0	0.60237388724	0.561797752809	0.512572533849	0.956101843723	0.7277676951	0.984771573604	0.98191681736	0.886490807354	0.58089668616	0.437362637363	0.0	0.73920552677	0.89755351682	0.728412256267	0.915887850467	0.996939556236	0.930976430976	0.856363636364	0.939982347749	0.974562798092	0.742320819113	0.941902687001	0.657692307692	0.96943231441	0.969316596932	0.942664418212	0.983410138249	0.55614973262	0.492217898833	0.969483568075	0.947157726181	0.967632027257	0.726890756303	0.742393509128	0.744942832014	0.834586466165	0.880327868852	0.902208201893	0.845631891433	1.0	0.970078740157	0.975922953451	0.968701095462	0.807067812798	0.791219512195	0.762989972653	0.994594594595	0.97830802603	1.0	0.988461538462	0.654773384764	0.598401598402	0.97041906327	0.870917573872	0.58203125	0.569849246231	0.577205882353	0.592768791627	0.689099526066	0.741607324517	0.883031301483	0.978810105949	0.975503062117	0.976702508961	0.9705400982	0.99053030303	0.974110032362	0.989681857266	0.743879472693	0.907613344739	0.751824817518	0.875968992248	0.93699369937	0.957976653696	0.706530958439	0.979882648785	0.987993138937	0.988284518828	0.983591613491	0.994604316547	0.800829875519	0.918819188192	0.580838323353	0.844134536505	0.931203931204
CL1.141697	0.820742637644	0.802518223989	0.809267965077	0.991869918699	0.708619374523	0.652046783626	0.691154422789	0.812369701181	0.726105563481	0.858299595142	0.857752489331	0.717601547389	0.668174962293	0.725619834711	0.73920552677	0.0	0.716417910448	0.579493087558	0.739898989899	0.839452395769	0.813172043011	0.737142857143	0.839497557572	0.831835686778	0.639945652174	0.697078115683	0.602985074627	0.849462365591	0.83044982699	0.781965006729	0.914801444043	0.680731364276	0.707831325301	0.939236111111	0.839896707553	0.807327001357	0.728434504792	0.678071539658	0.684064022269	0.720245398773	0.722368421053	0.770408163265	0.706558485463	0.969502407705	0.792356687898	0.871927554981	0.803548795944	0.809948032665	0.796226415094	0.769506084467	0.941843971631	0.947626841244	0.993037423847	0.968656716418	0.684367988033	0.681783243659	0.806196440343	0.737704918033	0.71752265861	0.749806949807	0.739193083573	0.696521095485	0.774169741697	0.755261106781	0.776750330251	0.869024230517	0.851697851698	0.870056497175	0.890932982917	0.880530973451	0.87109375	0.912508544087	0.700440528634	0.799863852961	0.716332378223	0.834834834835	0.849751948972	0.793059936909	0.748478701826	0.852645679839	0.897680763984	0.872909698997	0.935576234789	0.951841359773	0.870253164557	0.804913294798	0.708141321045	0.741935483871	0.80802103879
CL2.141671	0.815420560748	0.776974080772	0.765710799268	0.995495495495	0.869952087611	0.827404479578	0.850404312668	0.799874134676	0.859536082474	0.854166666667	0.867609254499	0.77189888301	0.819783197832	0.880882352941	0.89755351682	0.716417910448	0.0	0.629904559915	0.689734717416	0.850882185544	0.80463980464	0.854193548387	0.737207833228	0.834894613583	0.732429099877	0.764641488779	0.775838926174	0.859649122807	0.849256900212	0.823960880196	0.907491856678	0.838422391858	0.853856562923	0.921658986175	0.776339022955	0.754926108374	0.805991440799	0.839832869081	0.788279773157	0.733707865169	0.712574850299	0.747380675204	0.734806629834	0.951289398281	0.754651162791	0.844339622642	0.78587962963	0.875751503006	0.864406779661	0.840982546865	0.955128205128	0.940233236152	0.97844495766	0.955704697987	0.826496301278	0.829083390765	0.832033593281	0.747695852535	0.8697421981	0.860207612457	0.849154746424	0.838774150566	0.85780730897	0.806001395673	0.771634615385	0.849731663685	0.86315128688	0.86717752235	0.915071770335	0.884462151394	0.85290628707	0.90824550527	0.842592592593	0.860407659049	0.82276843467	0.877192982456	0.807815502883	0.785590778098	0.853898096992	0.8405356056	0.905940594059	0.843161094225	0.921137685844	0.941101152369	0.913719943423	0.851368970013	0.855371900826	0.756740563212	0.797725912627
CL3.141664	0.841304347826	0.819809736989	0.808715336729	0.994094488189	0.724354940214	0.675577156744	0.64888337469	0.847408270239	0.720238095238	0.880681818182	0.899049881235	0.765992345544	0.675810473815	0.715053763441	0.728412256267	0.579493087558	0.629904559915	0.0	0.687432867884	0.876923076923	0.804077010193	0.760429082241	0.800116890707	0.859477124183	0.597714285714	0.746291560102	0.609394313968	0.859631147541	0.868787276342	0.829931972789	0.930246542393	0.656470588235	0.657534246575	0.938461538462	0.805145046524	0.805936073059	0.732026143791	0.721227621483	0.676967930029	0.69392033543	0.703003337041	0.751895991333	0.712009106431	0.96062992126	0.801948051948	0.832236842105	0.830818965517	0.810461538462	0.779164067374	0.765970149254	0.969194312796	0.957333333333	0.978976874562	0.965389369592	0.692879256966	0.684610512983	0.829526462396	0.728540772532	0.719101123596	0.741894469167	0.708283313325	0.684468999386	0.75995101041	0.733504163997	0.783482142857	0.865927977839	0.881464264962	0.891381345927	0.918888888889	0.906976744186	0.891951488423	0.924181504882	0.7	0.807670291929	0.713261648746	0.80248447205	0.827116637063	0.786366076221	0.734775184974	0.843026538679	0.919724770642	0.869148336153	0.937910447761	0.947928994083	0.857328145266	0.853188929001	0.674683544304	0.717306622148	0.794330183435
CL4.141667	0.8163507109	0.788379204893	0.805572755418	0.99537037037	0.895615866388	0.843373493976	0.841095890411	0.860702875399	0.887434554974	0.849502487562	0.882506527415	0.788908765653	0.85261707989	0.922155688623	0.915887850467	0.739898989899	0.689734717416	0.687432867884	0.0	0.847663012118	0.86741016109	0.876802096986	0.784477228993	0.863420427553	0.765957446809	0.791458679978	0.817189631651	0.876666666667	0.872043010753	0.858560794045	0.925876902713	0.855297157623	0.854195323246	0.909233176839	0.801791044776	0.81625	0.843251088534	0.869688385269	0.850287907869	0.780182232346	0.765492102066	0.817001180638	0.798130841121	0.943148688047	0.771226415094	0.88038277512	0.81338028169	0.881873727088	0.820813232254	0.843729481287	0.932291666667	0.922848664688	0.978039215686	0.959072305593	0.829118250171	0.87105816398	0.853925745587	0.799065420561	0.873103448276	0.885995777621	0.849405548217	0.846987136087	0.843349088454	0.814052519517	0.80487804878	0.865698729583	0.880178457616	0.88326848249	0.908980582524	0.879892037787	0.832731648616	0.889238514789	0.861559139785	0.890909090909	0.858081471748	0.855967078189	0.828236824984	0.804792518995	0.86292834891	0.83446571958	0.873115577889	0.851943244911	0.918581746553	0.910273081925	0.930935251799	0.884768211921	0.880952380952	0.820060790274	0.840922890103
CM1.141723	0.77089421391	0.780458383595	0.730158730159	0.995490417136	0.960273972603	0.960448253131	0.97842211733	0.735516372796	0.950999355255	0.776824034335	0.754340836013	0.84	0.966101694915	0.98233995585	0.996939556236	0.839452395769	0.850882185544	0.876923076923	0.847663012118	0.0	0.905925473427	0.912201420271	0.864728192162	0.605155243117	0.922270203578	0.768893756846	0.951645399597	0.82775644542	0.731279872544	0.779816513761	0.822685788787	0.959261616805	0.976980365606	0.955418908532	0.885747938751	0.806531115219	0.960028551035	0.935888501742	0.912988650694	0.871838111298	0.874176153385	0.866045428072	0.902948402948	0.925448028674	0.74520069808	0.618879056047	0.745222929936	0.955882352941	0.968792401628	0.95213454075	0.883258499038	0.928519328957	0.946070878274	0.936870382807	0.940780619112	0.950344827586	0.794717887155	0.876657060519	0.970128988459	0.957063711911	0.963565387118	0.969333333333	0.974734042553	0.938547486034	0.861695730607	0.644391408115	0.581658291457	0.886261980831	0.820466786355	0.751495016611	0.751928783383	0.79776674938	0.949702183984	0.882571075402	0.93786407767	0.967589466577	0.926923076923	0.846597462514	0.945945945946	0.773447015834	0.770897832817	0.810218978102	0.865459249677	0.864189622037	0.97169143666	0.851272015656	0.966919365955	0.912470023981	0.861077844311
CO1.141714	0.899497487437	0.88693957115	0.882817643186	0.994791666667	0.867263236391	0.865522174535	0.884164222874	0.786249149081	0.72905027933	0.810846560847	0.844011142061	0.74826059456	0.867256637168	0.898387096774	0.930976430976	0.813172043011	0.80463980464	0.804077010193	0.86741016109	0.905925473427	0.0	0.647552447552	0.799043062201	0.923173803526	0.777629826897	0.84417106034	0.83795620438	0.781690140845	0.820861678005	0.740105540897	0.882685512367	0.866391184573	0.904270986745	0.945854483926	0.860671310956	0.841755319149	0.90639625585	0.79179331307	0.758691206544	0.784337349398	0.745806451613	0.755944931164	0.701789264414	0.902821316614	0.81625	0.907360406091	0.863184079602	0.921568627451	0.961623616236	0.924316748423	0.919444444444	0.929712460064	0.964376590331	0.932846715328	0.828822238478	0.842223891811	0.831932773109	0.657178217822	0.912850812408	0.92	0.899858956276	0.930485155684	0.936462093863	0.925361766946	0.906735751295	0.935773924213	0.930753564155	0.766251728907	0.864690721649	0.907647907648	0.856960408685	0.878097789685	0.75	0.74916611074	0.754558204769	0.779735682819	0.702984038862	0.76346749226	0.834327369119	0.829284307288	0.895721925134	0.826885245902	0.913104414856	0.920943134535	0.868624420402	0.782178217822	0.842342342342	0.668173014848	0.735654416505
CO2.141657	0.898936170213	0.875947622329	0.881201956674	0.991176470588	0.819632881085	0.804580152672	0.813479623824	0.83490224475	0.636904761905	0.793539325843	0.833827893175	0.776289350301	0.82334384858	0.869791666667	0.856363636364	0.737142857143	0.854193548387	0.760429082241	0.876802096986	0.912201420271	0.647552447552	0.0	0.808	0.910666666667	0.708628005658	0.822112415071	0.762870514821	0.810643564356	0.849642004773	0.701680672269	0.92012057272	0.807917888563	0.834645669291	0.954296160878	0.860496311201	0.843220338983	0.881072026801	0.674267100977	0.686729514141	0.778625954198	0.729138166895	0.76821192053	0.650950035186	0.957912457912	0.82671957672	0.90188172043	0.863157894737	0.908456167572	0.905288082084	0.890963405527	0.931952662722	0.965635738832	0.954170485793	0.978159126365	0.754495699765	0.753821399839	0.809458533242	0.649214659686	0.865718799368	0.856103476152	0.870676691729	0.866976024749	0.893600616808	0.903673469388	0.913461538462	0.929203539823	0.916245487365	0.80706921944	0.892076502732	0.907550077042	0.879566982409	0.898932384342	0.611963190184	0.725017717931	0.671150971599	0.731554160126	0.757575757576	0.740667976424	0.794510907811	0.81881533101	0.893465909091	0.859429366736	0.929798356983	0.935007385524	0.824212271973	0.787330316742	0.739549839228	0.657768651608	0.755297334245
CO3.141651	0.830839297332	0.801886792453	0.781420765027	0.991584852735	0.894245723173	0.898734177215	0.902215431627	0.74540311174	0.883805374001	0.710363761153	0.756698044895	0.796854521625	0.893927747886	0.937552742616	0.939982347749	0.839497557572	0.737207833228	0.800116890707	0.784477228993	0.864728192162	0.799043062201	0.808	0.0	0.818656229615	0.853489979267	0.861985472155	0.87072243346	0.809581564585	0.813926272674	0.808350444901	0.827941176471	0.898353614889	0.912509593246	0.863354037267	0.741469816273	0.835748792271	0.898940505297	0.857256145916	0.825779036827	0.83800623053	0.799331103679	0.857420609203	0.826685006878	0.872235872236	0.748867313916	0.82905982906	0.822279459111	0.940998487141	0.906153846154	0.919825072886	0.841155234657	0.852965747703	0.928825622776	0.910266159696	0.88262195122	0.901253918495	0.871313672922	0.792440743113	0.929176289453	0.929133858268	0.913426265591	0.918552036199	0.914285714286	0.893481717011	0.912693082606	0.85086551265	0.861777150917	0.755571531272	0.838343353373	0.857250187829	0.772336201191	0.798331015299	0.871353777113	0.86703601108	0.874544128373	0.839326702372	0.74025974026	0.725641025641	0.896836313618	0.737057220708	0.811242192922	0.790476190476	0.848396501458	0.835616438356	0.945117029863	0.845474613687	0.887235708692	0.836680053548	0.707219251337
CR1.141682	0.788206979543	0.796146674953	0.750786658276	1.0	0.95747696669	0.959128065395	0.953974895397	0.730994152047	0.938748335553	0.752212389381	0.768924302789	0.871592973955	0.955119214586	0.980152671756	0.974562798092	0.831835686778	0.834894613583	0.859477124183	0.863420427553	0.605155243117	0.923173803526	0.910666666667	0.818656229615	0.0	0.921119592875	0.798536859876	0.956944444444	0.832018038331	0.760087241003	0.827238335435	0.815488215488	0.954007884363	0.963585434174	0.918530351438	0.858095815646	0.813214739517	0.955621301775	0.94227994228	0.925829538061	0.901734104046	0.881481481481	0.883693045564	0.897403419886	0.904903417533	0.725748502994	0.613608748481	0.755661501788	0.955770559779	0.959298245614	0.942551770207	0.888741721854	0.906202723147	0.948759007206	0.941666666667	0.933194154489	0.960028551035	0.82807668522	0.8837485172	0.963483146067	0.965591397849	0.958333333333	0.955892487939	0.954639175258	0.936370209689	0.883519206939	0.614013521819	0.583927414128	0.873350923483	0.811344019729	0.769230769231	0.745721271394	0.778630838132	0.957592339261	0.924792861695	0.929144385027	0.970670391061	0.919258769027	0.835014836795	0.962001266624	0.789077212806	0.779054916986	0.819435736677	0.859719438878	0.838624338624	0.982404692082	0.878706199461	0.952924393723	0.923409512044	0.850709438618
DF1.141684	0.860406091371	0.851608667104	0.840319361277	0.989361702128	0.711698113208	0.664254703329	0.673590504451	0.885753613214	0.668079096045	0.909090909091	0.925352112676	0.761022364217	0.677611940299	0.745098039216	0.742320819113	0.639945652174	0.732429099877	0.597714285714	0.765957446809	0.922270203578	0.777629826897	0.708628005658	0.853489979267	0.921119592875	0.0	0.796570076878	0.584933530281	0.882701421801	0.919908466819	0.830666666667	0.962830593281	0.696378830084	0.684053651267	0.945111492281	0.854126679463	0.844086021505	0.733017377567	0.669230769231	0.688490696072	0.6800486618	0.680573663625	0.738305941846	0.649028801072	0.977777777778	0.818181818182	0.902564102564	0.856783919598	0.816311535636	0.793876026886	0.740609496811	0.964887640449	0.948220064725	0.989681857266	0.982274741507	0.660991857883	0.666920152091	0.869366427172	0.6775	0.723467862481	0.749427043545	0.728958630528	0.699633699634	0.739956172389	0.757902852737	0.814136125654	0.915639195328	0.925875085793	0.899300699301	0.924479166667	0.943065693431	0.938064516129	0.964793500339	0.627906976744	0.797707349966	0.632624113475	0.787518573551	0.790877192982	0.826141338336	0.716008037508	0.880557398806	0.951351351351	0.904572564612	0.965981573352	0.973352033661	0.862284820031	0.83547925608	0.668693009119	0.703848662753	0.80325732899
DF2.141726	0.749578888265	0.725694444444	0.724824355972	0.995820271682	0.871895424837	0.862633900441	0.907276239536	0.785283474065	0.86181369525	0.835390946502	0.835076923077	0.68813559322	0.874433656958	0.917424772568	0.941902687001	0.697078115683	0.764641488779	0.746291560102	0.791458679978	0.768893756846	0.84417106034	0.822112415071	0.861985472155	0.798536859876	0.796570076878	0.0	0.834509300834	0.806656101426	0.778801843318	0.723167155425	0.890274314214	0.88056063376	0.90174531351	0.916849015317	0.802036199095	0.701122268163	0.865397688647	0.839202657807	0.787439613527	0.728501892915	0.752731454859	0.710128707331	0.755005889282	0.954948805461	0.727221911683	0.79716713881	0.73734001113	0.886334610473	0.895077720207	0.863861386139	0.949662369552	0.937543372658	0.983918128655	0.962796664529	0.831619537275	0.875	0.678571428571	0.773961218837	0.904082955282	0.889035667107	0.895457373989	0.899363057325	0.912325285896	0.873501997337	0.743796884016	0.805269186712	0.806257521059	0.845871559633	0.852958070075	0.845079365079	0.849572649573	0.872770511296	0.853257432005	0.768957345972	0.826625386997	0.91360412637	0.889570552147	0.776053215078	0.862190812721	0.806074766355	0.878931750742	0.826137689615	0.931930693069	0.944819129368	0.928523263655	0.762944479102	0.872452333991	0.80667433832	0.78275862069
DF3.141696	0.883656509695	0.872034507549	0.890590809628	0.987096774194	0.642917015926	0.5488	0.621710526316	0.927327781983	0.672897196262	0.948680351906	0.951863354037	0.817166782973	0.587748344371	0.615384615385	0.657692307692	0.602985074627	0.775838926174	0.609394313968	0.817189631651	0.951645399597	0.83795620438	0.762870514821	0.87072243346	0.956944444444	0.584933530281	0.834509300834	0.0	0.921593830334	0.939356435644	0.858187134503	0.981057616417	0.55981595092	0.585123966942	0.953578336557	0.867225716282	0.865781710914	0.671957671958	0.604452054795	0.642153146323	0.732804232804	0.748930099857	0.804137931034	0.719324026451	0.991134751773	0.893939393939	0.932773109244	0.904109589041	0.790073230269	0.758077879039	0.729476153245	0.973684210526	0.969202898551	0.996120271581	0.975450081833	0.598031173093	0.557058326289	0.917083631165	0.783378746594	0.661691542289	0.665250637213	0.670866141732	0.644768856448	0.7316087308	0.723605150215	0.85100286533	0.948899929028	0.963773584906	0.916795069337	0.960113960114	0.959612277868	0.946403385049	0.979182156134	0.646302250804	0.844559585492	0.674491392801	0.777594728171	0.8437741686	0.858214042263	0.686994856723	0.928727272727	0.973293768546	0.940450254176	0.974980453479	0.976816074189	0.828970331588	0.878357030016	0.616554054054	0.764453961456	0.860299358517
GB1.141665	0.880764904387	0.879420289855	0.86862170088	0.991614255765	0.943680419122	0.924242424242	0.952258064516	0.752265861027	0.89369592089	0.691401648999	0.713933415536	0.786078098472	0.933852140078	0.960729312763	0.96943231441	0.849462365591	0.859649122807	0.859631147541	0.876666666667	0.82775644542	0.781690140845	0.810643564356	0.809581564585	0.832018038331	0.882701421801	0.806656101426	0.921593830334	0.0	0.651282051282	0.700352526439	0.778888194878	0.940170940171	0.950777202073	0.888888888889	0.856090651558	0.814201183432	0.948228882834	0.88948069241	0.866908650938	0.842903575298	0.796082949309	0.811659192825	0.82418879056	0.781121751026	0.742441209406	0.843359818388	0.8127090301	0.93730006398	0.971447112265	0.938003719777	0.813038130381	0.80528511822	0.919413919414	0.856041131105	0.918866709594	0.928806855636	0.762261973456	0.811320754717	0.950649350649	0.958967571145	0.956359102244	0.957881301851	0.95544239338	0.945296864576	0.904046242775	0.856569133678	0.846895720313	0.734068627451	0.783659378596	0.76844783715	0.721461187215	0.784395473496	0.883396704689	0.827893175074	0.898263027295	0.903100775194	0.810694529809	0.756801776791	0.935103244838	0.727325921592	0.756242568371	0.714786674459	0.815251084935	0.810810810811	0.935135135135	0.805	0.928853754941	0.812103746398	0.768566493955
GB2.141732	0.863982589771	0.840896358543	0.825495750708	0.992110453649	0.953371140517	0.956204379562	0.966459627329	0.694460641399	0.909415971395	0.703071672355	0.705112960761	0.788724685276	0.958801498127	0.969044414536	0.969316596932	0.83044982699	0.849256900212	0.868787276342	0.872043010753	0.731279872544	0.820861678005	0.849642004773	0.813926272674	0.760087241003	0.919908466819	0.778801843318	0.939356435644	0.651282051282	0.0	0.682179341657	0.721854304636	0.951707891637	0.967581047382	0.921568627451	0.860821917808	0.832	0.951570680628	0.93085787452	0.882078225336	0.85204616999	0.840757238307	0.818872017354	0.848433048433	0.817345597898	0.758396533044	0.746432491767	0.77238403452	0.955637707948	0.965021861337	0.953377166766	0.832740213523	0.865153538051	0.932631578947	0.87995049505	0.924364538128	0.950538998098	0.731176798661	0.800214822771	0.9525	0.95289624443	0.961538461538	0.968039336202	0.976701410178	0.956382296344	0.899441340782	0.799223516362	0.774287376382	0.795508274232	0.743047830923	0.72181372549	0.663355408389	0.742380678551	0.903540903541	0.849856733524	0.91985645933	0.924129353234	0.868405453468	0.77753895755	0.931623931624	0.752402487281	0.729047072331	0.734613212874	0.806335923491	0.815165876777	0.944155844156	0.792771084337	0.954372623574	0.856267409471	0.815247634947
