	AR1.141727	AR2.141703	AR3.141705	BB1.141690	BB2.141659	BF1.141647	BF2.141708	BP1.141702	BZ1.141724	CA1.141704	CA2.141685	CC1.141721	CF1.141675	CF2.141679	CF3.141691	CL1.141697	CL2.141671	CL3.141664	CL4.141667	CM1.141723	CO1.141714	CO2.141657	CO3.141651	CR1.141682	DF1.141684	DF2.141726	DF3.141696	GB1.141665	GB2.141732	GB3.141652	GB5.141668	HF1.141663	HF2.141686	HI1.141693	HI2.141672	HI3.141676	HI4.141735	HJ1.141718	HJ2.141717	IE1.141648	IE2.141655	IT1.141711	IT2.141720	JT1.141699	KP1.141713	KP3.141658	KP4.141733	LQ1.141701	LQ2.141729	LQ3.141712	MD2.141689	MD3.141707	MD4.141660	MD5.141688	MP1.141661	MP2.141695	MT1.141719	MT2.141698	PE1.141715	PE2.141725	PE3.141731	PE4.141683	PE5.141692	PE6.141700	PE7.141734	RT1.141654	RT2.141710	SA1.141670	SA2.141687	SB1.141730	SF1.141728	SF2.141677	SK1.141669	SK2.141662	SK3.141716	SN1.141681	SN3.141650	SP1.141656	SP2.141678	SR1.141680	SR2.141673	SR3.141674	SV1.141649	SV2.141666	TL1.141653	TL2.141706	TL3.141709	VC1.141722	VC2.141694
AR1.141727	0.0	0.611510791367	0.573883161512	0.985915492958	0.940298507463	0.93137254902	0.93137254902	0.872509960159	0.991452991453	0.9	0.898039215686	0.813620071685	0.933014354067	0.950738916256	0.978142076503	0.872340425532	0.875432525952	0.88790560472	0.854671280277	0.823899371069	0.966101694915	0.939393939394	0.869090909091	0.810526315789	0.895652173913	0.781456953642	0.917431192661	0.892744479495	0.882352941176	0.85401459854	0.936936936937	0.939698492462	0.958333333333	0.92349726776	0.885931558935	0.824104234528	0.92270531401	0.9375	0.882352941176	0.84262295082	0.815873015873	0.923344947735	0.87610619469	0.980392156863	0.73476702509	0.797235023041	0.70802919708	0.945945945946	0.890909090909	0.932038834951	0.960396039604	0.989949748744	1.0	0.980952380952	0.909090909091	0.961538461538	0.933609958506	0.920948616601	0.918781725888	0.939086294416	0.933014354067	0.930348258706	0.926940639269	0.917808219178	0.783050847458	0.841379310345	0.81954887218	0.944444444444	0.960317460317	0.922388059701	0.890784982935	0.934156378601	0.96	0.909090909091	0.934272300469	0.952606635071	0.953667953668	0.871186440678	0.961538461538	0.856060606061	0.916666666667	0.916666666667	0.974025974026	0.965065502183	0.979591836735	0.894736842105	0.943127962085	0.940425531915	0.882783882784
AR2.141703	0.611510791367	0.0	0.595818815331	0.985507246377	0.908629441624	0.93	0.95	0.854251012146	0.973913043478	0.920289855072	0.880478087649	0.832727272727	0.931707317073	0.979899497487	1.0	0.82683982684	0.824561403509	0.85671641791	0.831578947368	0.796178343949	0.922413793103	0.911894273128	0.778597785978	0.836298932384	0.884955752212	0.765100671141	0.915887850467	0.916932907348	0.880877742947	0.844444444444	0.954128440367	0.938461538462	0.968085106383	0.95530726257	0.80694980695	0.755775577558	0.911330049261	0.9	0.858208955224	0.820598006645	0.813504823151	0.886925795053	0.855855855856	1.0	0.774545454545	0.821596244131	0.792592592593	0.935779816514	0.888888888889	0.930693069307	0.979797979798	0.989743589744	1.0	1.0	0.916666666667	0.970588235294	0.881856540084	0.895582329317	0.906735751295	0.958549222798	0.921951219512	0.918781725888	0.897674418605	0.897674418605	0.759450171821	0.832167832168	0.81679389313	0.935483870968	0.959677419355	0.921450151057	0.875432525952	0.916317991632	0.938775510204	0.87962962963	0.913875598086	0.932367149758	0.913725490196	0.841924398625	0.93137254902	0.830769230769	0.940677966102	0.907692307692	0.973568281938	0.973333333333	0.989583333333	0.910714285714	0.951690821256	0.896103896104	0.881040892193
AR3.141705	0.573883161512	0.595818815331	0.0	1.0	0.971428571429	0.971830985915	0.981220657277	0.823076923077	0.991769547325	0.861591695502	0.878787878788	0.840277777778	0.981651376147	0.981132075472	0.989583333333	0.885245901639	0.812080536913	0.85632183908	0.845637583893	0.737003058104	0.959183673469	0.958333333333	0.788732394366	0.748299319728	0.891213389121	0.755627009646	0.955947136564	0.901840490798	0.855421686747	0.865724381625	0.930735930736	0.990384615385	1.0	0.927083333333	0.772058823529	0.740506329114	0.962962962963	0.948497854077	0.907473309609	0.853503184713	0.827160493827	0.925675675676	0.872340425532	1.0	0.652777777778	0.725663716814	0.674911660777	0.95670995671	0.930131004367	0.972093023256	0.981042654028	1.0	0.989010989011	1.0	0.938864628821	0.990783410138	0.888	0.908396946565	0.970873786408	0.980582524272	0.963302752294	0.971428571429	0.956140350877	0.921052631579	0.75	0.759197324415	0.745454545455	0.938697318008	0.931034482759	0.924418604651	0.854304635762	0.888888888889	1.0	0.877729257642	0.972972972973	0.981818181818	0.94776119403	0.875	0.972350230415	0.831501831502	0.903614457831	0.92673992674	0.966666666667	0.941176470588	1.0	0.907172995781	0.981818181818	0.94262295082	0.808510638298
BB1.141690	0.985915492958	0.985507246377	1.0	0.0	1.0	1.0	1.0	1.0	1.0	0.985714285714	0.982608695652	0.985611510791	1.0	1.0	1.0	0.978947368421	1.0	0.989949748744	1.0	1.0	1.0	1.0	0.985185185185	1.0	0.977777777778	1.0	0.974358974359	0.988700564972	0.989071038251	0.985074626866	1.0	1.0	1.0	1.0	1.0	0.988023952096	0.970149253731	1.0	0.984848484848	0.987878787879	0.988571428571	0.986394557823	0.976744186047	1.0	0.985611510791	1.0	1.0	1.0	1.0	1.0	1.0	1.0	1.0	1.0	0.975	1.0	0.980198019802	1.0	0.964912280702	1.0	1.0	1.0	1.0	1.0	1.0	0.986666666667	1.0	0.982142857143	1.0	0.989743589744	0.986928104575	1.0	0.966666666667	1.0	1.0	1.0	0.983193277311	0.987096774194	1.0	0.983870967742	1.0	0.983870967742	1.0	1.0	1.0	1.0	1.0	0.978947368421	1.0
BB2.141659	0.940298507463	0.908629441624	0.971428571429	1.0	0.0	0.577235772358	0.739837398374	0.952941176471	0.725490196078	0.969849246231	0.977011494253	0.868686868687	0.484375	0.704918032787	0.705882352941	0.753246753247	0.894230769231	0.782945736434	0.932692307692	0.991561181435	0.909677419355	0.88	0.948453608247	0.980392156863	0.785234899329	0.909502262443	0.693430656934	0.966101694915	0.98347107438	0.896373056995	1.0	0.677966101695	0.72972972973	0.980392156863	0.901098901099	0.946902654867	0.730158730159	0.636363636364	0.685863874346	0.875	0.871794871795	0.912621359223	0.862068965517	1.0	0.949494949495	1.0	0.968911917098	0.843971631206	0.841726618705	0.792	1.0	1.0	1.0	1.0	0.68345323741	0.55905511811	0.95	0.93023255814	0.706896551724	0.655172413793	0.703125	0.7	0.811594202899	0.797101449275	0.906542056075	0.99043062201	0.978378378378	0.964912280702	0.988304093567	0.976377952756	0.981132075472	1.0	0.764705882353	0.856115107914	0.712121212121	0.892307692308	0.910112359551	0.943925233645	0.543307086614	0.967213114754	1.0	0.945355191257	1.0	1.0	0.791304347826	0.904761904762	0.676923076923	0.909090909091	0.927083333333
BF1.141647	0.93137254902	0.93	0.971830985915	1.0	0.577235772358	0.0	0.412698412698	0.965317919075	0.769230769231	0.990099009901	1.0	0.800995024876	0.389312977099	0.472	0.561904761905	0.707006369427	0.886255924171	0.716475095785	0.924170616114	0.991666666667	0.962025316456	0.869281045752	0.94923857868	0.971014492754	0.763157894737	0.928571428571	0.571428571429	0.97489539749	0.983673469388	0.938775510204	1.0	0.388429752066	0.491228070175	0.961904761905	0.935135135135	0.956331877729	0.612403100775	0.767123287671	0.690721649485	0.823788546256	0.881856540084	0.904306220096	0.837837837838	1.0	0.950248756219	0.985611510791	0.959183673469	0.833333333333	0.732394366197	0.71875	1.0	0.98347107438	1.0	1.0	0.647887323944	0.538461538462	0.950920245399	0.897142857143	0.563025210084	0.512605042017	0.480916030534	0.479674796748	0.673758865248	0.687943262411	0.852534562212	0.981132075472	0.978723404255	0.965517241379	1.0	0.984435797665	0.990697674419	1.0	0.803278688525	0.929577464789	0.777777777778	0.894736842105	0.944751381215	0.953917050691	0.676923076923	0.967741935484	1.0	0.978494623656	1.0	1.0	0.881355932203	0.96	0.593984962406	0.923566878981	0.969230769231
BF2.141708	0.93137254902	0.95	0.981220657277	1.0	0.739837398374	0.412698412698	0.0	0.965317919075	0.75641025641	1.0	1.0	0.890547263682	0.618320610687	0.568	0.580952380952	0.71974522293	0.895734597156	0.731800766284	0.914691943128	1.0	0.962025316456	0.908496732026	0.959390862944	0.980676328502	0.776315789474	0.946428571429	0.671428571429	0.983263598326	0.991836734694	0.948979591837	1.0	0.471074380165	0.473684210526	0.961904761905	0.956756756757	0.965065502183	0.736434108527	0.808219178082	0.762886597938	0.859030837004	0.898734177215	0.923444976077	0.878378378378	1.0	0.960199004975	0.985611510791	0.969387755102	0.833333333333	0.760563380282	0.75	1.0	1.0	1.0	1.0	0.69014084507	0.615384615385	0.98773006135	0.885714285714	0.596638655462	0.680672268908	0.664122137405	0.642276422764	0.702127659574	0.758865248227	0.889400921659	0.981132075472	0.978723404255	0.954022988506	1.0	0.992217898833	1.0	1.0	0.754098360656	0.943661971831	0.748148148148	0.90977443609	0.966850828729	0.963133640553	0.815384615385	0.989247311828	1.0	0.989247311828	1.0	1.0	0.864406779661	0.973333333333	0.593984962406	0.923566878981	0.969230769231
BP1.141702	0.872509960159	0.854251012146	0.823076923077	1.0	0.952941176471	0.965317919075	0.965317919075	0.0	0.940886699507	0.694779116466	0.714285714286	0.814516129032	0.955056179775	0.988372093023	1.0	0.901960784314	0.906976744186	0.863636363636	0.891472868217	0.735191637631	0.824390243902	0.85	0.713114754098	0.732283464567	0.969849246231	0.852398523985	0.957219251337	0.818181818182	0.739726027397	0.711934156379	0.884816753927	0.964285714286	0.975155279503	0.947368421053	0.818965517241	0.884057971014	0.965909090909	0.958549222798	0.917012448133	0.956204379562	0.908450704225	0.9375	0.917948717949	0.988439306358	0.806451612903	0.698924731183	0.860082304527	0.958115183246	0.968253968254	0.954285714286	0.953216374269	0.964285714286	0.985915492958	0.988826815642	0.94708994709	0.954802259887	0.866666666667	0.891891891892	0.963855421687	0.975903614458	0.966292134831	0.964705882353	0.968085106383	0.957446808511	0.969696969697	0.84555984556	0.770212765957	0.79185520362	0.828054298643	0.842105263158	0.717557251908	0.830188679245	0.988165680473	0.883597883598	0.934065934066	0.966666666667	0.929824561404	0.80303030303	0.977401129944	0.768240343348	0.818181818182	0.871244635193	0.94	0.878787878788	0.951515151515	0.827411167513	0.955555555556	0.892156862745	0.760330578512
BZ1.141724	0.991452991453	0.973913043478	0.991769547325	1.0	0.725490196078	0.769230769231	0.75641025641	0.940886699507	0.0	0.965517241379	0.961352657005	0.87012987013	0.739130434783	0.832258064516	0.837037037037	0.775401069519	0.908713692946	0.759450171821	0.958506224066	0.97037037037	0.808510638298	0.672131147541	0.938325991189	0.974683544304	0.725274725275	0.92125984252	0.741176470588	0.925650557621	0.949090909091	0.884955752212	1.0	0.721854304636	0.791666666667	1.0	0.953488372093	0.938223938224	0.849056603774	0.670454545455	0.714285714286	0.859922178988	0.820224719101	0.866108786611	0.775280898876	1.0	0.930735930736	1.0	0.964601769912	0.931034482759	0.953488372093	0.898734177215	1.0	1.0	1.0	1.0	0.604651162791	0.5875	0.927461139896	0.746341463415	0.812080536913	0.879194630872	0.83850931677	0.843137254902	0.941520467836	0.918128654971	0.983805668016	0.99173553719	1.0	0.941176470588	0.990196078431	0.979094076655	0.991836734694	1.0	0.644736842105	0.837209302326	0.624242424242	0.828220858896	0.905213270142	0.919028340081	0.7625	0.953703703704	1.0	0.972222222222	1.0	0.988950276243	0.756756756757	0.911111111111	0.558282208589	0.711229946524	0.902222222222
CA1.141704	0.9	0.920289855072	0.861591695502	0.985714285714	0.969849246231	0.990099009901	1.0	0.694779116466	0.965517241379	0.0	0.644268774704	0.848375451264	0.980676328502	0.990049751244	1.0	0.922746781116	0.93031358885	0.910979228487	0.895470383275	0.803797468354	0.854700854701	0.860262008734	0.736263736264	0.787985865724	0.964912280702	0.873333333333	0.981481481481	0.720634920635	0.725856697819	0.764705882353	0.8	1.0	0.989473684211	0.933701657459	0.900383141762	0.92131147541	0.970731707317	0.990990990991	0.918518518519	0.93399339934	0.916932907348	0.894736842105	0.919642857143	0.910891089109	0.790613718412	0.786046511628	0.852941176471	0.990909090909	0.990825688073	0.990196078431	0.89	0.908629441624	0.988304093567	0.980769230769	0.97247706422	0.990291262136	0.824267782427	0.896414342629	0.969230769231	0.989743589744	0.990338164251	0.979899497487	0.990783410138	0.990783410138	0.959044368601	0.854166666667	0.810606060606	0.72	0.744	0.801801801802	0.649484536082	0.775933609959	0.969696969697	0.899082568807	0.962085308057	0.961722488038	0.898832684825	0.767918088737	0.980582524272	0.69465648855	0.705882352941	0.748091603053	0.851528384279	0.84140969163	0.969072164948	0.87610619469	0.980861244019	0.896995708155	0.749077490775
CA2.141685	0.898039215686	0.880478087649	0.878787878788	0.982608695652	0.977011494253	1.0	1.0	0.714285714286	0.961352657005	0.644268774704	0.0	0.880952380952	0.989010989011	1.0	1.0	0.894230769231	0.908396946565	0.916666666667	0.923664122137	0.786941580756	0.866028708134	0.862745098039	0.741935483871	0.77519379845	0.980295566502	0.854545454545	0.968586387435	0.793103448276	0.72972972973	0.805668016194	0.794871794872	0.988372093023	1.0	0.948717948718	0.923728813559	0.928571428571	0.977777777778	0.979695431472	0.926530612245	0.956834532374	0.902777777778	0.930769230769	0.909547738693	0.887005649718	0.809523809524	0.778947368421	0.854251012146	0.989743589744	0.989637305699	0.988826815642	0.874285714286	0.883720930233	0.945205479452	0.912568306011	0.958549222798	0.988950276243	0.897196261682	0.920353982301	0.964705882353	0.988235294118	0.978021978022	0.977011494253	0.989583333333	0.979166666667	0.962686567164	0.802281368821	0.757322175732	0.804444444444	0.742222222222	0.733766233766	0.714285714286	0.768518518519	0.976878612717	0.917098445596	0.956989247312	1.0	0.905172413793	0.791044776119	0.988950276243	0.738396624473	0.699530516432	0.831223628692	0.843137254902	0.80198019802	0.976331360947	0.890547263682	0.967391304348	0.932692307692	0.821138211382
CC1.141721	0.813620071685	0.832727272727	0.840277777778	0.985611510791	0.868686868687	0.800995024876	0.890547263682	0.814516129032	0.87012987013	0.848375451264	0.880952380952	0.0	0.834951456311	0.92	0.944444444444	0.801724137931	0.867132867133	0.809523809524	0.825174825175	0.860317460317	0.828326180258	0.80701754386	0.867647058824	0.90780141844	0.779735682819	0.745819397993	0.795348837209	0.808917197452	0.83125	0.763837638376	0.954337899543	0.877551020408	0.904761904762	0.922222222222	0.861538461538	0.835526315789	0.813725490196	0.85520361991	0.7843866171	0.741721854305	0.724358974359	0.781690140845	0.793721973094	0.980099502488	0.775362318841	0.88785046729	0.808118081181	0.899543378995	0.907834101382	0.92118226601	0.989949748744	0.979591836735	1.0	0.990338164251	0.861751152074	0.882926829268	0.781512605042	0.744	0.927835051546	0.948453608247	0.864077669903	0.888888888889	0.916666666667	0.888888888889	0.821917808219	0.90243902439	0.908745247148	0.879518072289	0.935742971888	0.903614457831	0.875862068966	0.916666666667	0.868020304569	0.769585253456	0.847619047619	0.913461538462	0.8828125	0.815068493151	0.873170731707	0.831417624521	0.957805907173	0.915708812261	0.991228070175	0.982300884956	0.948186528497	0.795555555556	0.894230769231	0.818965517241	0.725925925926
CF1.141675	0.933014354067	0.931707317073	0.981651376147	1.0	0.484375	0.389312977099	0.618320610687	0.955056179775	0.739130434783	0.980676328502	0.989010989011	0.834951456311	0.0	0.538461538462	0.545454545455	0.691358024691	0.898148148148	0.744360902256	0.935185185185	0.991836734694	0.938650306748	0.886075949367	0.960396039604	0.962264150943	0.821656050955	0.930131004367	0.641379310345	0.959016393443	0.976	0.950248756219	1.0	0.539682539683	0.579831932773	0.963636363636	0.936842105263	0.957264957265	0.641791044776	0.735099337748	0.718592964824	0.862068965517	0.876033057851	0.92523364486	0.882352941176	0.984732824427	0.970873786408	0.986111111111	0.960199004975	0.825503355705	0.823129251701	0.759398496241	1.0	0.984126984127	1.0	1.0	0.646258503401	0.540740740741	0.952380952381	0.911111111111	0.612903225806	0.58064516129	0.602941176471	0.609375	0.794520547945	0.753424657534	0.864864864865	0.972350230415	0.968911917098	0.977653631285	0.988826815642	0.969465648855	0.972727272727	1.0	0.763779527559	0.918367346939	0.785714285714	0.913043478261	0.956989247312	0.945945945946	0.644444444444	0.979057591623	0.988023952096	0.958115183246	1.0	1.0	0.788617886179	0.948387096774	0.579710144928	0.913580246914	0.98
CF2.141679	0.950738916256	0.979899497487	0.981132075472	1.0	0.704918032787	0.472	0.568	0.988372093023	0.832258064516	0.990049751244	1.0	0.92	0.538461538462	0.0	0.442307692308	0.769230769231	0.942857142857	0.769230769231	0.980952380952	1.0	0.987261146497	0.973684210526	0.979591836735	0.990291262136	0.894039735099	0.982062780269	0.726618705036	0.991596638655	0.991803278689	0.979487179487	1.0	0.516666666667	0.557522123894	0.980769230769	0.989130434783	1.0	0.796875	0.848275862069	0.80310880829	0.911504424779	0.949152542373	0.971153846154	0.959183673469	1.0	0.99	1.0	0.989743589744	0.874125874126	0.801418439716	0.842519685039	1.0	0.983333333333	1.0	1.0	0.758865248227	0.68992248062	1.0	0.977011494253	0.627118644068	0.491525423729	0.646153846154	0.622950819672	0.8	0.842857142857	0.916666666667	0.990521327014	0.989304812834	1.0	1.0	0.9921875	1.0	1.0	0.851239669421	0.957446808511	0.865671641791	0.984848484848	1.0	0.981481481481	0.767441860465	0.989189189189	1.0	0.989189189189	1.0	1.0	0.948717948718	1.0	0.636363636364	0.974358974359	1.0
CF3.141691	0.978142076503	1.0	0.989583333333	1.0	0.705882352941	0.561904761905	0.580952380952	1.0	0.837037037037	1.0	1.0	0.944444444444	0.545454545455	0.442307692308	0.0	0.779411764706	0.968421052632	0.825	0.978947368421	1.0	0.985401459854	0.939393939394	0.988636363636	0.989247311828	0.87786259542	0.980295566502	0.798319327731	0.981651376147	0.991071428571	0.965714285714	1.0	0.56	0.591397849462	1.0	0.975609756098	0.990384615385	0.833333333333	0.856	0.803468208092	0.932038834951	0.944444444444	0.957446808511	0.937007874016	1.0	0.988888888889	1.0	1.0	0.90243902439	0.900826446281	0.906542056075	1.0	1.0	1.0	1.0	0.785123966942	0.688073394495	1.0	0.948051948052	0.69387755102	0.632653061224	0.690909090909	0.686274509804	0.883333333333	0.883333333333	0.948979591837	0.989528795812	0.988023952096	1.0	1.0	1.0	0.989690721649	1.0	0.841584158416	0.95041322314	0.824561403509	0.964285714286	1.0	0.979591836735	0.798165137615	0.987878787879	0.985815602837	0.987878787879	1.0	1.0	0.896907216495	0.968992248062	0.625	0.955882352941	1.0
CL1.141697	0.872340425532	0.82683982684	0.885245901639	0.978947368421	0.753246753247	0.707006369427	0.71974522293	0.901960784314	0.775401069519	0.922746781116	0.894230769231	0.801724137931	0.691358024691	0.769230769231	0.779411764706	0.0	0.826446280992	0.602739726027	0.826446280992	0.933579335793	0.873015873016	0.760869565217	0.877192982456	0.899159663866	0.606557377049	0.788235294118	0.543859649123	0.918518518519	0.905797101449	0.859030837004	0.965714285714	0.710526315789	0.779310344828	0.955882352941	0.842592592593	0.838461538462	0.775	0.683615819209	0.742222222222	0.790697674419	0.776119402985	0.841666666667	0.810055865922	1.0	0.844827586207	0.929411764706	0.876651982379	0.862857142857	0.861271676301	0.899371069182	0.974193548387	1.0	1.0	1.0	0.722543352601	0.726708074534	0.876288659794	0.815533980583	0.76	0.826666666667	0.802469135802	0.727272727273	0.860465116279	0.837209302326	0.862903225806	0.925925925926	0.917808219178	0.912195121951	0.960975609756	0.9375	0.926829268293	0.938775510204	0.686274509804	0.895953757225	0.78313253012	0.878048780488	0.88679245283	0.822580645161	0.850931677019	0.880184331797	0.948186528497	0.907834101382	0.989130434783	0.978021978022	0.93288590604	0.922651933702	0.768292682927	0.840425531915	0.902654867257
CL2.141671	0.875432525952	0.824561403509	0.812080536913	1.0	0.894230769231	0.886255924171	0.895734597156	0.906976744186	0.908713692946	0.93031358885	0.908396946565	0.867132867133	0.898148148148	0.942857142857	0.968421052632	0.826446280992	0.0	0.699421965318	0.790540540541	0.901538461538	0.901234567901	0.924369747899	0.758865248227	0.924657534247	0.839662447257	0.864077669903	0.804444444444	0.925925925926	0.921212121212	0.928825622776	0.947598253275	0.912621359223	0.899497487437	0.957894736842	0.762962962963	0.802547770701	0.859813084112	0.904761904762	0.84229390681	0.814102564103	0.788819875776	0.836734693878	0.836909871245	0.971563981043	0.825174825175	0.946428571429	0.871886120996	0.912663755459	0.894273127753	0.8779342723	0.99043062201	0.990291262136	1.0	1.0	0.885462555066	0.925581395349	0.91935483871	0.861538461538	0.93137254902	0.911764705882	0.87962962963	0.875	0.87610619469	0.823008849558	0.827814569536	0.89898989899	0.92673992674	0.938223938224	0.969111969112	0.93567251462	0.893333333333	0.952	0.893719806763	0.938325991189	0.881818181818	0.926605504587	0.84962406015	0.854304635762	0.879069767442	0.90405904059	0.951417004049	0.881918819188	0.966386554622	0.983050847458	0.940886699507	0.948936170213	0.926605504587	0.859504132231	0.857142857143
CL3.141664	0.88790560472	0.85671641791	0.85632183908	0.989949748744	0.782945736434	0.716475095785	0.731800766284	0.863636363636	0.759450171821	0.910979228487	0.916666666667	0.809523809524	0.744360902256	0.769230769231	0.825	0.602739726027	0.699421965318	0.0	0.78612716763	0.898666666667	0.870307167235	0.798611111111	0.83734939759	0.888888888889	0.658536585366	0.788300835655	0.658181818182	0.914438502674	0.889473684211	0.867069486405	0.94982078853	0.71875	0.78313253012	0.966666666667	0.8125	0.824175824176	0.772727272727	0.750889679715	0.732522796353	0.729281767956	0.747311827957	0.802325581395	0.787985865724	0.992337164751	0.863095238095	0.934306569343	0.891238670695	0.870967741935	0.848375451264	0.832699619772	1.0	1.0	1.0	1.0	0.71119133574	0.743396226415	0.879194630872	0.81935483871	0.740157480315	0.779527559055	0.759398496241	0.744186046512	0.804347826087	0.833333333333	0.857954545455	0.890489913545	0.919504643963	0.941747572816	0.974110032362	0.913265306122	0.908571428571	0.96	0.735408560311	0.870036101083	0.755555555556	0.888059701493	0.892405063291	0.8125	0.818867924528	0.906542056075	0.96632996633	0.906542056075	0.958333333333	0.965034965035	0.881422924901	0.908771929825	0.738805970149	0.828767123288	0.866666666667
CL4.141667	0.854671280277	0.831578947368	0.845637583893	1.0	0.932692307692	0.924170616114	0.914691943128	0.891472868217	0.958506224066	0.895470383275	0.923664122137	0.825174825175	0.935185185185	0.980952380952	0.978947368421	0.826446280992	0.790540540541	0.78612716763	0.0	0.913846153846	0.917695473251	0.924369747899	0.801418439716	0.917808219178	0.822784810127	0.831715210356	0.92	0.938271604938	0.921212121212	0.914590747331	0.947598253275	0.95145631068	0.949748743719	0.947368421053	0.785185185185	0.866242038217	0.878504672897	0.91341991342	0.89247311828	0.846153846154	0.819875776398	0.904761904762	0.845493562232	0.990521327014	0.818181818182	0.910714285714	0.857651245552	0.912663755459	0.894273127753	0.906103286385	0.980861244019	1.0	1.0	1.0	0.911894273128	0.944186046512	0.91935483871	0.861538461538	0.960784313725	0.960784313725	0.888888888889	0.913461538462	0.884955752212	0.893805309735	0.880794701987	0.912457912458	0.92673992674	0.930501930502	0.96138996139	0.918128654971	0.873333333333	0.92	0.932367149758	0.938325991189	0.927272727273	0.871559633028	0.872180451128	0.854304635762	0.906976744186	0.867158671587	0.910931174089	0.881918819188	0.974789915966	0.966101694915	0.980295566502	0.948936170213	0.963302752294	0.925619834711	0.9
CM1.141723	0.823899371069	0.796178343949	0.737003058104	1.0	0.991561181435	0.991666666667	1.0	0.735191637631	0.97037037037	0.803797468354	0.786941580756	0.860317460317	0.991836734694	1.0	1.0	0.933579335793	0.901538461538	0.898666666667	0.913846153846	0.0	0.948529411765	0.932584269663	0.871382636656	0.607476635514	0.962406015038	0.846153846154	0.984251968504	0.869688385269	0.732590529248	0.81935483871	0.875968992248	1.0	0.991228070175	0.972602739726	0.926421404682	0.830903790087	0.98353909465	0.976923076923	0.935064935065	0.91788856305	0.925925925926	0.938080495356	0.931297709924	0.966666666667	0.790476190476	0.628458498024	0.825806451613	0.992248062016	0.9921875	0.99173553719	0.949579831933	0.948936170213	0.961722488038	0.975609756098	0.9765625	0.991803278689	0.85559566787	0.923875432526	0.991416309013	1.0	0.983673469388	0.966244725738	0.992156862745	0.98431372549	0.915407854985	0.650306748466	0.576158940397	0.9375	0.881944444444	0.784366576819	0.762917933131	0.835125448029	0.983050847458	0.90625	0.967871485944	0.991902834008	0.972881355932	0.873111782477	0.991803278689	0.813333333333	0.826086956522	0.873333333333	0.910112359551	0.909433962264	0.991379310345	0.893939393939	0.983805668016	0.940959409594	0.851132686084
CO1.141714	0.966101694915	0.922413793103	0.959183673469	1.0	0.909677419355	0.962025316456	0.962025316456	0.824390243902	0.808510638298	0.854700854701	0.866028708134	0.828326180258	0.938650306748	0.987261146497	0.985401459854	0.873015873016	0.901234567901	0.870307167235	0.917695473251	0.948529411765	0.0	0.664864864865	0.834061135371	0.941422594142	0.880434782609	0.875	0.918604651163	0.837638376384	0.870036101083	0.815789473684	0.931818181818	0.947712418301	0.958904109589	1.0	0.880184331797	0.892720306513	0.950310559006	0.865168539326	0.858407079646	0.899613899614	0.814126394052	0.792531120332	0.822222222222	0.987341772152	0.87982832618	0.953216374269	0.921052631579	0.965909090909	0.988505747126	0.975	0.987179487179	0.97385620915	1.0	0.987804878049	0.885057471264	0.901234567901	0.85641025641	0.652173913043	0.960264900662	0.986754966887	0.975460122699	0.948387096774	0.988439306358	0.976878612717	0.983935742972	0.991803278689	0.963636363636	0.796116504854	0.883495145631	0.937716262976	0.910931174089	0.908629441624	0.831168831169	0.827586206897	0.832335329341	0.842424242424	0.821596244131	0.807228915663	0.901234567901	0.834862385321	0.927835051546	0.899082568807	0.945945945946	0.956284153005	0.893333333333	0.857142857143	0.890909090909	0.724867724868	0.806167400881
CO2.141657	0.939393939394	0.911894273128	0.958333333333	1.0	0.88	0.869281045752	0.908496732026	0.85	0.672131147541	0.860262008734	0.862745098039	0.80701754386	0.886075949367	0.973684210526	0.939393939394	0.760869565217	0.924369747899	0.798611111111	0.924369747899	0.932584269663	0.664864864865	0.0	0.839285714286	0.923076923077	0.743016759777	0.832669322709	0.820359281437	0.857142857143	0.889705882353	0.775784753363	0.953216374269	0.837837837838	0.929078014184	1.0	0.905660377358	0.8984375	0.923076923077	0.687861271676	0.746606334842	0.874015748031	0.833333333333	0.830508474576	0.702857142857	1.0	0.877192982456	0.939759036145	0.919282511211	0.953216374269	0.96449704142	0.961290322581	0.986754966887	1.0	1.0	1.0	0.775147928994	0.757961783439	0.831578947368	0.712871287129	0.931506849315	0.986301369863	0.936708860759	0.933333333333	0.988095238095	0.964285714286	0.983606557377	0.97489539749	0.944186046512	0.820895522388	0.910447761194	0.950704225352	0.900826446281	0.90625	0.651006711409	0.739644970414	0.691358024691	0.7375	0.817307692308	0.77868852459	0.847133757962	0.821596244131	0.925925925926	0.906103286385	0.977777777778	0.977528089888	0.848275862069	0.80790960452	0.7875	0.663043478261	0.747747747748
CO3.141651	0.869090909091	0.778597785978	0.788732394366	0.985185185185	0.948453608247	0.94923857868	0.959390862944	0.713114754098	0.938325991189	0.736263736264	0.741935483871	0.867647058824	0.960396039604	0.979591836735	0.988636363636	0.877192982456	0.758865248227	0.83734939759	0.801418439716	0.871382636656	0.834061135371	0.839285714286	0.0	0.841726618705	0.90134529148	0.871186440678	0.905213270142	0.845161290323	0.829113924051	0.850187265918	0.879069767442	0.947916666667	0.967567567568	0.954545454545	0.7109375	0.806666666667	0.94	0.935483870968	0.856603773585	0.89932885906	0.876623376623	0.914285714286	0.881278538813	0.928934010152	0.794117647059	0.847619047619	0.857677902622	0.981395348837	0.953051643192	0.969849246231	0.85641025641	0.9375	0.975903614458	0.950738916256	0.924882629108	0.950248756219	0.888888888889	0.878048780488	0.947368421053	0.978947368421	0.940594059406	0.938144329897	0.952830188679	0.943396226415	0.944444444444	0.858657243816	0.88416988417	0.763265306122	0.844897959184	0.896341463415	0.769230769231	0.85593220339	0.937823834197	0.906103286385	0.922330097087	0.862745098039	0.769841269841	0.6875	0.940298507463	0.704280155642	0.81974248927	0.821011673152	0.901785714286	0.855855855856	0.94708994709	0.864253393665	0.93137254902	0.868421052632	0.751879699248
CR1.141682	0.810526315789	0.836298932384	0.748299319728	1.0	0.980392156863	0.971014492754	0.980676328502	0.732283464567	0.974683544304	0.787985865724	0.77519379845	0.90780141844	0.962264150943	0.990291262136	0.989247311828	0.899159663866	0.924657534247	0.888888888889	0.917808219178	0.607476635514	0.941422594142	0.923076923077	0.841726618705	0.0	0.93991416309	0.83606557377	0.981900452489	0.88125	0.760736196319	0.884476534296	0.893333333333	0.990099009901	0.989743589744	0.94623655914	0.87969924812	0.845161290323	0.952380952381	0.964757709251	0.941818181818	0.922077922078	0.911949685535	0.931034482759	0.930131004367	0.942028985507	0.77304964539	0.6	0.826714801444	0.982222222222	0.955156950673	0.980861244019	0.921951219512	0.970297029703	0.954545454545	0.953051643192	0.946188340807	0.981042654028	0.860655737705	0.9296875	0.97	0.98	0.962264150943	0.960784313725	0.972972972973	0.945945945946	0.926174496644	0.631399317406	0.568773234201	0.905882352941	0.874509803922	0.757396449704	0.75	0.837398373984	0.980295566502	0.946188340807	0.981481481481	0.971962616822	0.954198473282	0.845637583893	0.990521327014	0.835205992509	0.827160493827	0.880149812734	0.91452991453	0.896551724138	0.989949748744	0.922077922078	0.96261682243	0.941176470588	0.884057971014
DF1.141684	0.895652173913	0.884955752212	0.891213389121	0.977777777778	0.785234899329	0.763157894737	0.776315789474	0.969849246231	0.725274725275	0.964912280702	0.980295566502	0.779735682819	0.821656050955	0.894039735099	0.87786259542	0.606557377049	0.839662447257	0.658536585366	0.822784810127	0.962406015038	0.880434782609	0.743016759777	0.90134529148	0.93991416309	0.0	0.792	0.602409638554	0.932075471698	0.955719557196	0.882882882883	1.0	0.755102040816	0.857142857143	0.984732824427	0.848341232227	0.858823529412	0.832258064516	0.744186046512	0.709090909091	0.723320158103	0.771863117871	0.821276595745	0.735632183908	1.0	0.867841409692	0.987878787879	0.900900900901	0.894117647059	0.857142857143	0.844155844156	1.0	1.0	1.0	1.0	0.714285714286	0.782051282051	0.925925925926	0.761194029851	0.806896551724	0.903448275862	0.847133757962	0.758389261745	0.880239520958	0.844311377246	0.860082304527	0.957983193277	0.96261682243	0.92	0.99	0.964664310954	0.983402489627	0.989528795812	0.648648648649	0.880952380952	0.714285714286	0.823899371069	0.864734299517	0.851851851852	0.794871794872	0.915094339623	1.0	0.943396226415	1.0	0.988700564972	0.930555555556	0.943181818182	0.77358490566	0.792349726776	0.85520361991
DF2.141726	0.781456953642	0.765100671141	0.755627009646	1.0	0.909502262443	0.928571428571	0.946428571429	0.852398523985	0.92125984252	0.873333333333	0.854545454545	0.745819397993	0.930131004367	0.982062780269	0.980295566502	0.788235294118	0.864077669903	0.788300835655	0.831715210356	0.846153846154	0.875	0.832669322709	0.871186440678	0.83606557377	0.792	0.0	0.899159663866	0.845697329377	0.825072886297	0.795918367347	0.942148760331	0.945205479452	0.962264150943	0.940886699507	0.82332155477	0.688073394495	0.929515418502	0.868852459016	0.808219178082	0.716923076923	0.761194029851	0.745928338762	0.821138211382	0.982142857143	0.772575250836	0.864978902954	0.795918367347	0.925619834711	0.916666666667	0.929203539823	0.990990990991	1.0	1.0	1.0	0.875	0.929824561404	0.747126436782	0.787545787546	0.935483870968	0.972350230415	0.938864628821	0.918552036199	0.924686192469	0.916317991632	0.771428571429	0.851612903226	0.86013986014	0.889705882353	0.897058823529	0.864788732394	0.846645367412	0.878326996198	0.909090909091	0.825	0.888412017167	0.896103896104	0.928315412186	0.771428571429	0.912280701754	0.845070422535	0.930769230769	0.901408450704	0.96015936255	0.967871485944	0.944444444444	0.782258064516	0.930735930736	0.898039215686	0.80204778157
DF3.141696	0.917431192661	0.915887850467	0.955947136564	0.974358974359	0.693430656934	0.571428571429	0.671428571429	0.957219251337	0.741176470588	0.981481481481	0.968586387435	0.795348837209	0.641379310345	0.726618705036	0.798319327731	0.543859649123	0.804444444444	0.658181818182	0.92	0.984251968504	0.918604651163	0.820359281437	0.905213270142	0.981900452489	0.602409638554	0.899159663866	0.0	0.9604743083	0.969111969112	0.885714285714	1.0	0.525925925926	0.65625	0.966386554622	0.859296482412	0.917695473251	0.748251748252	0.675	0.692307692308	0.784232365145	0.800796812749	0.856502242152	0.79012345679	1.0	0.916279069767	0.986928104575	0.942857142857	0.886075949367	0.858974358974	0.845070422535	1.0	1.0	1.0	1.0	0.641025641026	0.569444444444	0.943502824859	0.851851851852	0.654135338346	0.714285714286	0.751724137931	0.678832116788	0.832258064516	0.832258064516	0.922077922078	0.973451327434	0.980198019802	0.925531914894	1.0	0.970479704797	0.982532751092	1.0	0.632352941176	0.923076923077	0.785234899329	0.863945578231	0.876923076923	0.896103896104	0.75	0.95	1.0	0.96	1.0	0.987878787879	0.924242424242	0.987804878049	0.632653061224	0.847953216374	0.913875598086
GB1.141665	0.892744479495	0.916932907348	0.901840490798	0.988700564972	0.966101694915	0.97489539749	0.983263598326	0.818181818182	0.925650557621	0.720634920635	0.793103448276	0.808917197452	0.959016393443	0.991596638655	0.981651376147	0.918518518519	0.925925925926	0.914438502674	0.938271604938	0.869688385269	0.837638376384	0.857142857143	0.845161290323	0.88125	0.932075471698	0.845697329377	0.9604743083	0.0	0.659217877095	0.741100323625	0.867704280156	0.982905982906	0.973568281938	0.917431192661	0.93288590604	0.847953216374	0.95867768595	0.938223938224	0.882736156352	0.894117647059	0.834285714286	0.850931677019	0.862068965517	0.8410041841	0.834394904459	0.865079365079	0.870550161812	0.976653696498	0.992156862745	0.983402489627	0.907172995781	0.91452991453	0.971153846154	0.934693877551	0.937254901961	0.958847736626	0.782608695652	0.840277777778	0.974137931034	1.0	0.983606557377	0.983050847458	0.992125984252	0.976377952756	0.963636363636	0.889230769231	0.900332225914	0.790940766551	0.83275261324	0.864864864865	0.780487804878	0.841726618705	0.957446808511	0.874509803922	0.943548387097	0.934959349593	0.857142857143	0.812121212121	0.958847736626	0.759197324415	0.825454545455	0.792642140468	0.887218045113	0.893939393939	0.948051948052	0.825095057034	0.959349593496	0.866666666667	0.792207792208
GB2.141732	0.882352941176	0.880877742947	0.855421686747	0.989071038251	0.98347107438	0.983673469388	0.991836734694	0.739726027397	0.949090909091	0.725856697819	0.72972972973	0.83125	0.976	0.991803278689	0.991071428571	0.905797101449	0.921212121212	0.889473684211	0.921212121212	0.732590529248	0.870036101083	0.889705882353	0.829113924051	0.760736196319	0.955719557196	0.825072886297	0.969111969112	0.659217877095	0.0	0.714285714286	0.787072243346	0.991666666667	0.982832618026	0.973214285714	0.901315789474	0.844827586207	0.975806451613	0.962264150943	0.904153354633	0.895953757225	0.876404494382	0.853658536585	0.925093632959	0.869387755102	0.8	0.759689922481	0.847619047619	0.984790874525	0.984674329502	0.983805668016	0.868312757202	0.925	0.971962616822	0.896414342629	0.969348659004	0.983935742972	0.780141843972	0.877551020408	0.949579831933	0.974789915966	0.968	0.96694214876	0.992307692308	0.969230769231	0.928571428571	0.818731117825	0.798045602606	0.870307167235	0.795221843003	0.728723404255	0.670658682635	0.781690140845	0.958506224066	0.908045977011	0.952755905512	0.97619047619	0.893333333333	0.827380952381	0.991967871486	0.744262295082	0.729537366548	0.75737704918	0.875	0.866666666667	0.974683544304	0.851301115242	0.97619047619	0.891304347826	0.859872611465
GB3.141652	0.85401459854	0.844444444444	0.865724381625	0.985074626866	0.896373056995	0.938775510204	0.948979591837	0.711934156379	0.884955752212	0.764705882353	0.805668016194	0.763837638376	0.950248756219	0.979487179487	0.965714285714	0.859030837004	0.928825622776	0.867069486405	0.914590747331	0.81935483871	0.815789473684	0.775784753363	0.850187265918	0.884476534296	0.882882882883	0.795918367347	0.885714285714	0.741100323625	0.714285714286	0.0	0.897196261682	0.926701570681	0.945652173913	0.988571428571	0.874509803922	0.839464882943	0.949748743719	0.842592592593	0.833333333333	0.885521885522	0.85016286645	0.84229390681	0.853211009174	1.0	0.830258302583	0.846889952153	0.864661654135	0.943925233645	0.971698113208	0.959595959596	0.958762886598	0.989528795812	0.987878787879	1.0	0.88679245283	0.91	0.751072961373	0.795918367347	0.94708994709	0.978835978836	0.950248756219	0.937823834197	0.981042654028	0.971563981043	0.93031358885	0.929078014184	0.868217054264	0.852459016393	0.868852459016	0.896024464832	0.810526315789	0.88085106383	0.864583333333	0.754716981132	0.863414634146	0.891625615764	0.91235059761	0.790940766551	0.92	0.7890625	0.887931034483	0.875	0.973094170404	0.954751131222	0.957446808511	0.736363636364	0.891625615764	0.832599118943	0.735849056604
GB5.141668	0.936936936937	0.954128440367	0.930735930736	1.0	1.0	1.0	1.0	0.884816753927	1.0	0.8	0.794871794872	0.954337899543	1.0	1.0	1.0	0.965714285714	0.947598253275	0.94982078853	0.947598253275	0.875968992248	0.931818181818	0.953216374269	0.879069767442	0.893333333333	1.0	0.942148760331	1.0	0.867704280156	0.787072243346	0.897196261682	0.0	1.0	1.0	0.967479674797	0.911330049261	0.951417004049	1.0	0.987804878049	0.971698113208	0.967346938776	0.960784313725	0.982378854626	0.975903614458	0.819444444444	0.899543378995	0.872611464968	0.915887850467	1.0	1.0	1.0	0.760563380282	0.741007194245	0.893805309735	0.813333333333	1.0	1.0	0.955801104972	0.968911917098	0.985401459854	1.0	1.0	1.0	1.0	1.0	0.991489361702	0.904347826087	0.932038834951	0.875	0.78125	0.774545454545	0.768240343348	0.715846994536	1.0	0.975	1.0	1.0	0.91959798995	0.897872340426	1.0	0.833333333333	0.733333333333	0.764705882353	0.74269005848	0.739644970414	0.985294117647	0.952380952381	1.0	0.965714285714	0.896713615023
HF1.141663	0.939698492462	0.938461538462	0.990384615385	1.0	0.677966101695	0.388429752066	0.471074380165	0.964285714286	0.721854304636	1.0	0.988372093023	0.877551020408	0.539682539683	0.516666666667	0.56	0.710526315789	0.912621359223	0.71875	0.95145631068	1.0	0.947712418301	0.837837837838	0.947916666667	0.990099009901	0.755102040816	0.945205479452	0.525925925926	0.982905982906	0.991666666667	0.926701570681	1.0	0.0	0.43119266055	0.96	0.944444444444	0.964285714286	0.758064516129	0.716312056738	0.714285714286	0.873873873874	0.887931034483	0.911764705882	0.874125874126	1.0	0.969387755102	0.985074626866	0.979057591623	0.870503597122	0.824817518248	0.788617886179	1.0	1.0	1.0	1.0	0.664233576642	0.552	0.987341772152	0.905882352941	0.508771929825	0.614035087719	0.650793650794	0.64406779661	0.794117647059	0.794117647059	0.924528301887	0.990338164251	0.978142076503	0.952662721893	1.0	0.984126984127	1.0	1.0	0.726495726496	0.941605839416	0.707692307692	0.84375	0.931818181818	0.952830188679	0.712	0.988950276243	1.0	0.988950276243	1.0	1.0	0.87610619469	0.972413793103	0.515625	0.868421052632	0.978947368421
