	AR1.141727	AR2.141703	AR3.141705	BB1.141690	BB2.141659	BF1.141647	BF2.141708	BP1.141702	BZ1.141724	CA1.141704	CA2.141685	CC1.141721	CF1.141675	CF2.141679	CF3.141691	CL1.141697	CL2.141671	CL3.141664	CL4.141667	CM1.141723	CO1.141714	CO2.141657	CO3.141651	CR1.141682	DF1.141684	DF2.141726	DF3.141696	GB1.141665	GB2.141732	GB3.141652	GB5.141668	HF1.141663	HF2.141686	HI1.141693	HI2.141672	HI3.141676	HI4.141735	HJ1.141718	HJ2.141717	IE1.141648	IE2.141655	IT1.141711	IT2.141720	JT1.141699	KP1.141713	KP3.141658	KP4.141733	LQ1.141701	LQ2.141729	LQ3.141712	MD2.141689	MD3.141707	MD4.141660	MD5.141688	MP1.141661	MP2.141695	MT1.141719	MT2.141698	PE1.141715	PE2.141725	PE3.141731	PE4.141683	PE5.141692	PE6.141700	PE7.141734	RT1.141654	RT2.141710	SA1.141670	SA2.141687	SB1.141730	SF1.141728	SF2.141677	SK1.141669	SK2.141662	SK3.141716	SN1.141681	SN3.141650	SP1.141656	SP2.141678	SR1.141680	SR2.141673	SR3.141674	SV1.141649	SV2.141666	TL1.141653	TL2.141706	TL3.141709	VC1.141722	VC2.141694
AR1.141727	0.0	0.658342191199	0.54644315343	0.99711815562	0.939543466092	0.936295448265	0.945232463227	0.879750505761	0.958249232202	0.904703454655	0.903290395009	0.842922586033	0.936740363253	0.964761175966	0.977415849174	0.870106788769	0.859032306992	0.890821660747	0.874814123042	0.835100995249	0.936858339337	0.935982501855	0.883294197175	0.84365219547	0.896253602305	0.786116047778	0.923826345635	0.916780482266	0.898337013611	0.876800241915	0.927885761781	0.938181016325	0.947555744432	0.938112650161	0.890314801473	0.849101800787	0.936440538675	0.93020447372	0.911246741828	0.854880474639	0.852042630118	0.904004226179	0.871970719488	0.978171861694	0.766355542174	0.836089913545	0.743560323051	0.943842053637	0.92049636405	0.931424911944	0.960650110188	0.975028891587	0.994236311239	0.990374081543	0.920018410499	0.960596176902	0.911720764447	0.920786355899	0.937129477151	0.943191797257	0.922958118345	0.94092452557	0.933097464067	0.91914879214	0.782804575714	0.859786353492	0.848868051672	0.945371252741	0.950729757367	0.930439637212	0.917655700168	0.938237958007	0.950822992308	0.919008645533	0.921610756151	0.966621859467	0.947020853494	0.894680950239	0.945161666472	0.88402114299	0.935483216301	0.916638760099	0.967923420033	0.961126199905	0.979126828086	0.880347873678	0.946288213895	0.930982460629	0.874841235777
AR2.141703	0.658342191199	0.0	0.577740051374	0.996005326232	0.928613168054	0.923258486402	0.945148280135	0.838998079366	0.940587320279	0.887425819073	0.855151631827	0.828106355122	0.921844233429	0.969507072804	0.978266912355	0.839289435483	0.804707507784	0.857015452265	0.836835077569	0.799515989263	0.90669732024	0.911636779703	0.781297775805	0.824839282391	0.887750050845	0.760711923433	0.910560113397	0.908773624353	0.877309330705	0.855631176973	0.929484092132	0.932274996574	0.953090707526	0.926563864668	0.824250536322	0.764158786592	0.919559725183	0.918108281928	0.883830290994	0.833427259426	0.830886901454	0.87341274106	0.857356623424	0.978312022326	0.766917741519	0.810006924101	0.760547664842	0.909872149359	0.899543496487	0.911296542881	0.970646980497	0.977863694431	0.993221657817	0.991283615389	0.912245417026	0.941069099943	0.862511388324	0.88910380701	0.932937036333	0.938516884497	0.921131106628	0.93053022766	0.896796967632	0.899011608683	0.763033083497	0.841784888319	0.825155182808	0.936138269824	0.937191271853	0.913187899539	0.877287154189	0.91470927652	0.941284729195	0.885722503329	0.913389502016	0.954966085488	0.912613440382	0.848376566828	0.946565786402	0.82704177681	0.934300431975	0.901133458716	0.966496193328	0.967764802805	0.982675524756	0.883204194605	0.950419315983	0.894283687894	0.86994038344
AR3.141705	0.54644315343	0.577740051374	0.0	0.998552821997	0.946637653698	0.94518367266	0.956622303272	0.828748379983	0.955304829695	0.872174876275	0.873334147008	0.820506294133	0.93566111077	0.972206551274	0.979030536918	0.857115163892	0.80495522453	0.856325514085	0.852723975452	0.777695738208	0.906677746623	0.915017288144	0.789980525629	0.783930877799	0.883053837524	0.742374013438	0.932556836749	0.905584631406	0.859496870713	0.864429974697	0.919433582056	0.955609055745	0.966003543474	0.932807369715	0.797410154366	0.749818184489	0.92471923096	0.927259123621	0.906111818472	0.837618513058	0.824101401218	0.884815717422	0.862332867224	0.979065479849	0.706754217336	0.74009146165	0.70838246592	0.933093791645	0.924073258434	0.928710939594	0.959010811271	0.97753568359	0.991316931983	0.993710206985	0.928349589889	0.953950197631	0.872772107548	0.878281328019	0.948857763076	0.952441879965	0.945856478071	0.957164000216	0.937064742531	0.913191173185	0.767777433713	0.792520374743	0.785630458417	0.93177795331	0.931822160497	0.917950958834	0.879379877639	0.887641099855	0.953503844662	0.871191895803	0.928447090451	0.974475276566	0.913353554664	0.862147644723	0.950324708822	0.850912149879	0.923686838833	0.916115783714	0.952138658703	0.945586801181	0.989094963086	0.877780020355	0.965176508874	0.911034448882	0.823362907376
BB1.141690	0.99711815562	0.996005326232	0.998552821997	0.0	1.0	0.995890410959	1.0	0.99846390169	1.0	0.989197530864	0.993975903614	0.994974874372	1.0	1.0	1.0	0.994694960212	0.998496240602	0.997674418605	0.998609179416	0.998866213152	0.997395833333	0.997005988024	0.996913580247	1.0	0.991354466859	0.998696219035	0.990322580645	0.993047508691	0.994588744589	0.993678887484	1.0	0.998680738786	0.99846390169	1.0	0.998263888889	0.993654822335	0.988593155894	0.997278911565	0.989214175655	0.997329773031	0.98687664042	0.997264021888	0.992967651195	1.0	0.989552238806	0.9984	0.998456790123	0.997361477573	1.0	0.997037037037	1.0	1.0	1.0	1.0	0.993579454254	0.997416020672	0.996052631579	0.997660818713	0.991071428571	1.0	1.0	1.0	1.0	0.998322147651	1.0	0.996992481203	1.0	0.99203187251	1.0	0.994588744589	0.997399219766	0.998095238095	0.994143484627	0.9984	1.0	0.996644295302	0.9963099631	0.985935302391	1.0	0.99671592775	0.99765258216	0.983633387889	1.0	1.0	1.0	0.998516320475	0.998296422487	0.994778067885	1.0
BB2.141659	0.939543466092	0.928613168054	0.946637653698	1.0	0.0	0.656804966985	0.749203642866	0.963911635668	0.734465253028	0.968531841194	0.972725434111	0.852960244869	0.514300528689	0.726277283258	0.756112685609	0.758408869721	0.903943311516	0.774861970888	0.923216697852	0.982601673763	0.897491381894	0.872218153621	0.930786481926	0.975332637116	0.804219103104	0.882248881468	0.717010907403	0.958883599957	0.979093089165	0.895362395292	0.987152405735	0.712076460204	0.749735326946	0.975616925814	0.908865407674	0.932982142205	0.763421506141	0.654627318553	0.67205329727	0.858748835378	0.862393549727	0.901384719857	0.853223244189	0.998561151079	0.93887039622	0.978728057554	0.956603606004	0.862086900401	0.867447491282	0.820634159339	0.997122302158	0.993145382171	1.0	0.997578692494	0.679115904708	0.61019463499	0.937381673608	0.899347890109	0.714195786228	0.703878099237	0.734392366346	0.74052913261	0.845063667376	0.820421515137	0.889910255202	0.982279439606	0.978319434005	0.957169881625	0.983302390346	0.982339842412	0.977616450403	0.99475162727	0.788436542128	0.856702158273	0.748936224686	0.902172758438	0.923066712682	0.930305881877	0.63925091141	0.958509645486	0.989171479718	0.967860212648	0.992876017657	1.0	0.829583809588	0.896541639092	0.735920973613	0.871072750155	0.890855218561
BF1.141647	0.936295448265	0.923258486402	0.94518367266	0.995890410959	0.656804966985	0.0	0.48600839338	0.964629758222	0.757888862888	0.9727591747	0.973521483193	0.814559096854	0.53167962483	0.555336274282	0.65104469351	0.672686312271	0.860593263982	0.691637464161	0.882744298588	0.978175379741	0.895319634703	0.840021327209	0.926999830881	0.973040948593	0.726461647783	0.87813577182	0.581042863456	0.948480134605	0.976629306766	0.908233032575	0.992532141585	0.423920193733	0.493697788439	0.978082191781	0.899781202435	0.914025450247	0.629121308401	0.751318609636	0.672119382823	0.794699782358	0.833656923022	0.885042070348	0.822424522667	1.0	0.915743201799	0.969610958904	0.940542026044	0.811201069867	0.739646615049	0.707732115677	0.994953666398	0.985738126695	1.0	0.993946731235	0.620350051672	0.597858482886	0.934228550829	0.860330048866	0.572798434442	0.591069433829	0.542699532442	0.549095268755	0.660499067464	0.701834145445	0.844768798229	0.974003501905	0.974908562212	0.953058996889	0.98162284578	0.982040562178	0.980216256658	0.992080887149	0.789568583405	0.904964383562	0.765163554819	0.863160798014	0.918146893798	0.907450436391	0.693245704331	0.956191375936	0.987478294424	0.968529022711	0.991644126458	0.997260273973	0.867386652523	0.927860656071	0.622424214137	0.849647698416	0.883624099596
BF2.141708	0.945232463227	0.945148280135	0.956622303272	1.0	0.749203642866	0.48600839338	0.0	0.966751906804	0.767175833441	0.980723256976	0.98305360169	0.876574587775	0.642278736209	0.603545497099	0.631751036375	0.721224758897	0.879662306054	0.665721199086	0.874860314985	0.989795918367	0.919029985549	0.846241043924	0.933963105688	0.971067188763	0.746193633289	0.927822911878	0.660898750699	0.971344416239	0.983403398143	0.946537272641	0.991855586985	0.510146110086	0.470885165552	0.979825760872	0.932060854207	0.940149936915	0.727878634695	0.811261845779	0.782994290906	0.848298694984	0.865166962511	0.921099452014	0.847963057812	0.998554913295	0.940466741437	0.978219653179	0.957111253836	0.820759680937	0.783109007474	0.751860415329	0.993433356001	0.989143511047	0.99710982659	0.995157384988	0.686645821542	0.675243835044	0.966329479769	0.874776053815	0.587902559868	0.699583219628	0.667595444948	0.63455935395	0.718242014709	0.78162703185	0.879552969685	0.980744491286	0.97886770387	0.958910024641	0.979803747902	0.989177489177	0.984972225772	0.995205064685	0.76174899923	0.925678612717	0.775960134121	0.887806959693	0.916702216155	0.949962602538	0.787090558767	0.978784039029	0.993860077614	0.974667227988	0.994986684339	0.99710982659	0.876995917485	0.958881494314	0.617591161091	0.844145700961	0.924807175361
BP1.141702	0.879750505761	0.838998079366	0.828748379983	0.99846390169	0.963911635668	0.964629758222	0.966751906804	0.0	0.921713486378	0.67500853388	0.716700905002	0.82100981096	0.958691410304	0.977106060212	0.98127201353	0.874761130601	0.847053116663	0.876052941807	0.900256158814	0.73838782825	0.812487999232	0.827113054996	0.729091995221	0.733102918587	0.931528528489	0.816697608934	0.955222734255	0.807266830778	0.691314062282	0.635890325299	0.861838306588	0.962663489091	0.970814132104	0.941116231439	0.864095302099	0.87557213814	0.97044908973	0.949703752469	0.912371390228	0.920008039393	0.893773358975	0.895765958296	0.879354709081	0.944679418387	0.760987688287	0.737654070661	0.81831370541	0.965103413056	0.975125596444	0.969714968425	0.921156365772	0.938287055448	0.98052379056	0.982308833867	0.956920209186	0.956917800879	0.824076319832	0.845948203843	0.970564516129	0.973592953726	0.972506599704	0.967741935484	0.978436929823	0.965638821019	0.93709375566	0.824335031126	0.782324934467	0.830313155978	0.845526113671	0.837906716939	0.719293514629	0.808540706605	0.950388297765	0.843003379416	0.933294520885	0.955996969041	0.901964618725	0.779067581844	0.962325635083	0.713914931935	0.808431232557	0.845138160855	0.925729157494	0.879466012444	0.970483942748	0.793784499537	0.961262583838	0.886797977003	0.757623296402
BZ1.141724	0.958249232202	0.940587320279	0.955304829695	1.0	0.734465253028	0.757888862888	0.767175833441	0.921713486378	0.0	0.945543550559	0.947540490477	0.838920841615	0.754592023974	0.848890472691	0.850243565749	0.75184648149	0.897785857548	0.755331112673	0.923026030825	0.956968245029	0.766352181888	0.66313824388	0.921478804692	0.960247905275	0.707799535724	0.878553060116	0.714054088424	0.923044478586	0.947434737842	0.839280938149	0.981081257397	0.724877695297	0.763473156632	0.990801576873	0.924637720835	0.902922950699	0.831048300465	0.621507683231	0.675269139422	0.798915417666	0.78864493121	0.849319870356	0.722156611609	0.987558856279	0.918851864201	0.971717214192	0.943710355121	0.913084782903	0.948250141246	0.892505961941	0.984762696143	0.990981676528	0.995884773663	0.996368038741	0.615788130427	0.575235902712	0.906623902068	0.738583427469	0.78567674113	0.846133673222	0.835061808053	0.806828854808	0.921203671144	0.907310232915	0.94282785043	0.973704958849	0.972685848027	0.925357701912	0.974240706202	0.961272192547	0.96603948333	0.986401351605	0.597576203	0.778640735874	0.582224643544	0.813127816631	0.884959099262	0.867915670956	0.709114110579	0.932991548153	0.978783784617	0.950829191498	0.988374331461	0.982293271821	0.776134276276	0.882452028995	0.601085275136	0.696484630982	0.83822078612
CA1.141704	0.904703454655	0.887425819073	0.872174876275	0.989197530864	0.968531841194	0.9727591747	0.980723256976	0.67500853388	0.945543550559	0.0	0.614606574446	0.826741733358	0.980706897374	0.986634233103	0.993686868687	0.891754265317	0.896797549429	0.90281366638	0.898051563385	0.793020912069	0.824170524691	0.810887484291	0.722222222222	0.749452409399	0.93640374284	0.846049221755	0.960653126245	0.724720326738	0.696248196248	0.71743456478	0.810480693459	0.976900713378	0.983074472322	0.916766228594	0.905092592593	0.905409851476	0.964259728677	0.959712773998	0.916745134965	0.926204074569	0.890942451638	0.879340409721	0.871132208158	0.884606556981	0.762456237332	0.775108641975	0.837962962963	0.97929085638	0.989197530864	0.980308641975	0.86408405955	0.892688161935	0.95524691358	0.964199772816	0.960924340606	0.96673126615	0.814717348928	0.845354126056	0.972310405644	0.977527420124	0.9847065129	0.976774316185	0.990740740741	0.981212196537	0.945003773788	0.815914786967	0.799405749033	0.727196153657	0.770484866587	0.803150553151	0.671426736663	0.770626102293	0.950655694738	0.839071604938	0.924163042046	0.94363658961	0.871178989568	0.754785904048	0.96529115821	0.658190415374	0.725417318727	0.770627487826	0.843722969254	0.827227107203	0.965252023274	0.816431292816	0.962902496477	0.873948360894	0.725364929266
CA2.141685	0.903290395009	0.855151631827	0.873334147008	0.993975903614	0.972725434111	0.973521483193	0.98305360169	0.716700905002	0.947540490477	0.614606574446	0.0	0.84126455571	0.988106867625	0.990334218229	0.990933430692	0.89424541668	0.894682489356	0.915966190343	0.919809977043	0.76160424009	0.856692394578	0.82471202174	0.728450840399	0.761254696204	0.948311979908	0.843802851563	0.966621324006	0.744945017614	0.713959735044	0.781281891155	0.768179099376	0.980036239947	0.984287379934	0.940342013214	0.916436579652	0.902314843129	0.97443003955	0.958216539628	0.932571580621	0.922445456057	0.898159567403	0.90584774117	0.896548218189	0.851594243903	0.752568482887	0.760710040161	0.834541871188	0.968104608407	0.987136953612	0.98255243195	0.845669442476	0.90062789228	0.939461549903	0.929188910606	0.957441322271	0.973163973724	0.846200591841	0.860755301909	0.978578600115	0.983522071117	0.978969771301	0.979073506343	0.987273035805	0.980580038274	0.95351712527	0.803357792071	0.773382085556	0.770164322629	0.736607721207	0.755685077974	0.674837190113	0.747423981641	0.951557327406	0.871775100402	0.938079721019	0.967157219482	0.881696527809	0.767788453392	0.962741137962	0.670949809089	0.690876180779	0.754898480994	0.822193231525	0.794299500159	0.969260218444	0.837283853515	0.970002668254	0.889647362295	0.788711075304
CC1.141721	0.842922586033	0.828106355122	0.820506294133	0.994974874372	0.852960244869	0.814559096854	0.876574587775	0.82100981096	0.838920841615	0.826741733358	0.84126455571	0.0	0.836576705923	0.90851621573	0.929580562746	0.767362453292	0.810032619237	0.789488138366	0.820311571767	0.864481135838	0.788440902429	0.807540697499	0.822507599727	0.890298265521	0.78959156976	0.70621032149	0.831320581402	0.822893921131	0.819334769084	0.778670004045	0.915273768369	0.85150024529	0.875467969649	0.927504908053	0.846166596873	0.824269401151	0.819372528039	0.839216490616	0.784600970956	0.755256030933	0.721138500903	0.769790585394	0.787707878351	0.954475574218	0.751951298782	0.875623450586	0.784191016812	0.890530046892	0.901310093139	0.888814442583	0.961517144546	0.965483083778	0.989949748744	0.986500298101	0.858812521677	0.874521184735	0.768628228864	0.728214170267	0.89437664513	0.898717478667	0.879534900049	0.887780338755	0.911175596291	0.877626386968	0.823528120954	0.884477525472	0.893447336183	0.857618103799	0.90570459826	0.893678348452	0.870161383423	0.906331658291	0.844071504423	0.765547738693	0.809161465691	0.909502771126	0.852497419447	0.789524273972	0.833909431551	0.806099462831	0.913204520254	0.887785901685	0.960343116858	0.956183796681	0.930111170002	0.767164208779	0.894215541078	0.805354011135	0.722862030517
CF1.141675	0.936740363253	0.921844233429	0.93566111077	1.0	0.514300528689	0.53167962483	0.642278736209	0.958691410304	0.754592023974	0.980706897374	0.988106867625	0.836576705923	0.0	0.593794763286	0.676917176917	0.689680775888	0.872912009754	0.716593337524	0.907314427481	0.983973769688	0.916088521557	0.875295740565	0.936436436436	0.969314360443	0.775275481327	0.90439275185	0.646979698593	0.958033020605	0.977067977068	0.924886960285	0.991200927371	0.573702047317	0.608917673434	0.982258756452	0.92801506864	0.932202144131	0.680684214905	0.712961941533	0.702498448261	0.842011570984	0.862133787331	0.909082426182	0.85903806157	0.993564993565	0.939359188613	0.966677992278	0.936698603365	0.822454946466	0.84262523393	0.770124410124	0.994300760845	0.984771573604	0.998712998713	0.996368038741	0.666926959062	0.592718964812	0.944313486419	0.892027365712	0.608671171171	0.6103810739	0.633561063202	0.633294326973	0.800248941094	0.784280445354	0.861858115133	0.969721601301	0.972748868271	0.96874278946	0.979452090339	0.984643734644	0.979260702278	0.991042471042	0.780216736293	0.898258944659	0.766015379894	0.902321784872	0.926721661039	0.940743636946	0.693998705559	0.963697687836	0.987583156597	0.96572700828	0.995302855175	0.996138996139	0.804387832425	0.929445978407	0.639284453595	0.878393499803	0.923505572442
CF2.141679	0.964761175966	0.969507072804	0.972206551274	1.0	0.726277283258	0.555336274282	0.603545497099	0.977106060212	0.848890472691	0.986634233103	0.990334218229	0.90851621573	0.593794763286	0.0	0.385008274839	0.772759969429	0.928887189726	0.775390881619	0.956711691536	0.992832161113	0.949476224105	0.930898090824	0.970522075748	0.990857177571	0.859158675111	0.958279009126	0.71738958751	0.981313815731	0.985973536821	0.96408750991	0.993869455463	0.541639958459	0.589688180722	0.990583804143	0.967278719397	0.979776687985	0.776506770352	0.846804258427	0.800719054956	0.90153852343	0.915320966235	0.947642859535	0.915897875992	0.998116760829	0.974947297411	0.981833521657	0.974288554091	0.877912436832	0.843309042277	0.850320150659	0.998116760829	0.986736069288	1.0	0.993274145817	0.740294365699	0.712433758157	0.978174249182	0.934522747547	0.650316115147	0.597475812905	0.680032590187	0.688795489993	0.821888013581	0.840948444748	0.91472791717	0.990977443609	0.986058408522	0.980950022884	0.988567675111	0.991904517328	0.987265482846	0.996211998924	0.848541247901	0.935418455744	0.843443177782	0.941344683325	0.958989166163	0.969009988319	0.767283890141	0.982373623519	0.992467043315	0.981503570757	0.996233521657	0.996233521657	0.922042949922	0.963078453397	0.646608725782	0.924903994139	0.959098220368
CF3.141691	0.977415849174	0.978266912355	0.979030536918	1.0	0.756112685609	0.65104469351	0.631751036375	0.98127201353	0.850243565749	0.993686868687	0.990933430692	0.929580562746	0.676917176917	0.385008274839	0.0	0.793554465968	0.945570998203	0.798296922716	0.953957750898	0.998866213152	0.968144991582	0.916555777334	0.973344556678	0.989573150863	0.853666346462	0.972785218548	0.771499945693	0.985045511117	0.984126984127	0.969665044886	0.994268930439	0.626653518474	0.605548573291	0.989681763875	0.974273989899	0.987749747902	0.808708120495	0.864241049955	0.828197226502	0.904217969639	0.933322728598	0.949174830844	0.914844649022	1.0	0.984501733755	0.990232996633	0.985830527497	0.887076570454	0.883545600937	0.87569023569	0.998316498316	0.993265993266	1.0	0.997578692494	0.776999529809	0.746143606609	0.988370547581	0.928389154705	0.67889009139	0.673870319793	0.725337204379	0.729239995853	0.853819889031	0.868867647391	0.934990369488	0.990617959039	0.988341122669	0.988973399332	0.989233735201	0.994588744589	0.988064432798	0.996411736412	0.848551399796	0.949481481481	0.840995961992	0.952963640883	0.971933355697	0.974704854452	0.818999240965	0.984931415966	0.991274244795	0.988262328688	0.994949494949	0.998316498316	0.900037311252	0.962108723236	0.657463332932	0.910915068879	0.967757616694
CL1.141697	0.870106788769	0.839289435483	0.857115163892	0.994694960212	0.758408869721	0.672686312271	0.721224758897	0.874761130601	0.75184648149	0.891754265317	0.89424541668	0.767362453292	0.689680775888	0.772759969429	0.793554465968	0.0	0.77369218803	0.576222935044	0.78577304907	0.889105421125	0.838925038683	0.745080131514	0.870223008154	0.873452696729	0.588461920669	0.723103897856	0.581090100111	0.888188448783	0.877760170864	0.835325797181	0.946027804428	0.677309406997	0.747633715932	0.945590066836	0.82189894636	0.832793628566	0.763739145344	0.688684386221	0.736617853216	0.726241531591	0.770859875937	0.807182486837	0.753289535044	0.981562131775	0.82506829249	0.906760742706	0.847435078757	0.833325168145	0.837160479589	0.826922094508	0.960607154002	0.972720785254	0.997347480106	0.985125336382	0.706079081709	0.715799971213	0.84671925171	0.755938697318	0.729277188329	0.787394269191	0.76317524103	0.713104394069	0.836606434955	0.817069588592	0.826391221588	0.903611814683	0.897204956649	0.891162141883	0.927478180885	0.910365496572	0.911813199132	0.940007578628	0.682072383112	0.849604244032	0.738618235366	0.844840937817	0.881106423796	0.799344891008	0.770385816429	0.880068207654	0.929390667613	0.897454709634	0.962591585148	0.96918751471	0.908169336303	0.866878133633	0.74146968581	0.779079028471	0.837059492232
CL2.141671	0.859032306992	0.804707507784	0.80495522453	0.998496240602	0.903943311516	0.860593263982	0.879662306054	0.847053116663	0.897785857548	0.896797549429	0.894682489356	0.810032619237	0.872912009754	0.928887189726	0.945570998203	0.77369218803	0.0	0.688739290086	0.744040908948	0.889963002745	0.851492011278	0.890455179866	0.745356446672	0.884675398173	0.782156399645	0.810591014694	0.808452583071	0.897542233335	0.895420369105	0.879100405882	0.932960059724	0.868139345726	0.882383377799	0.952806748053	0.752892648287	0.792187321095	0.835038165757	0.886358754028	0.833733795197	0.783247839224	0.767576421368	0.808271705255	0.793373729683	0.970069008137	0.799236898216	0.889130827068	0.828812772672	0.905917828873	0.894748949669	0.872871066555	0.97393299425	0.965222701424	0.986862217272	0.980960876768	0.875373827828	0.883680130559	0.875563909774	0.821720969089	0.893233082707	0.896931169125	0.885862860745	0.866499311488	0.890811535882	0.845445829338	0.81719363912	0.87969924812	0.902634696193	0.895419824462	0.939716226049	0.91328320802	0.890681189319	0.941052631579	0.876416517135	0.897804511278	0.850953897199	0.89964424484	0.842329994729	0.820972261878	0.886230025932	0.869138363149	0.929432736772	0.866381994266	0.950551538081	0.959762716143	0.942056074766	0.905905713839	0.901361581125	0.803270578535	0.83868181091
CL3.141664	0.890821660747	0.857015452265	0.856325514085	0.997674418605	0.774861970888	0.691637464161	0.665721199086	0.876052941807	0.755331112673	0.90281366638	0.915966190343	0.789488138366	0.716593337524	0.775390881619	0.798296922716	0.576222935044	0.688739290086	0.0	0.757749781674	0.902612983178	0.829639050388	0.777127141067	0.829773184037	0.876906726682	0.623349641445	0.773252781905	0.617179294824	0.893269826727	0.896209604349	0.851249522241	0.952171642201	0.681778855004	0.673782731397	0.954555305493	0.823514211886	0.824607484358	0.753134671501	0.753646574909	0.725513312072	0.724974384451	0.744912409205	0.79316005472	0.748058744644	0.974673462886	0.824505380076	0.876269767442	0.864613838645	0.849957047309	0.839435643935	0.830482342808	0.983832079343	0.977481997403	0.987118384534	0.985855059406	0.746373511516	0.721963824289	0.863402692778	0.769264245886	0.730938538206	0.773814751971	0.751573596992	0.723968188157	0.821123121156	0.79520836585	0.840638434718	0.901801014163	0.906062709707	0.914314833689	0.949915603901	0.921468841236	0.914689872078	0.948914728682	0.704700534577	0.839060465116	0.723330298767	0.847588574996	0.856912383077	0.801359042292	0.766518797329	0.872219039982	0.949847144885	0.906586609828	0.96092183874	0.969622441582	0.893065172168	0.882475329515	0.714036686344	0.778119497237	0.820778256874
CL4.141667	0.874814123042	0.836835077569	0.852723975452	0.998609179416	0.923216697852	0.882744298588	0.874860314985	0.900256158814	0.923026030825	0.898051563385	0.919809977043	0.820311571767	0.907314427481	0.956711691536	0.953957750898	0.78577304907	0.744040908948	0.757749781674	0.0	0.896491095279	0.897314702133	0.908439032922	0.819899465994	0.90423153424	0.800549514415	0.823198959877	0.863208309031	0.914010865484	0.911277989512	0.899108362682	0.954382400037	0.880684841524	0.895066752979	0.925643441458	0.823404419719	0.865789343632	0.877927730213	0.899862810214	0.885093360707	0.819754108863	0.806920518802	0.870609925246	0.821474191573	0.969094387998	0.813021817201	0.915013073713	0.847868266969	0.899512295368	0.876512601372	0.892696646577	0.962593573591	0.960223943294	0.987539850158	0.980579025887	0.887658309093	0.908085447417	0.890569870434	0.847702706	0.91716918339	0.932524309514	0.89453082708	0.882526379381	0.888203273108	0.879836368558	0.859104003822	0.905346816276	0.91778013041	0.907909391641	0.940270424873	0.915298424339	0.879347670782	0.92356579906	0.897077240433	0.92377635605	0.886076450586	0.879108287984	0.860830694538	0.838351828704	0.893965339358	0.875616334491	0.912636225326	0.892492528038	0.954539951395	0.947052094069	0.95811011808	0.926841599155	0.922985975695	0.86422068655	0.879431919544
CM1.141723	0.835100995249	0.799515989263	0.777695738208	0.998866213152	0.982601673763	0.978175379741	0.989795918367	0.73838782825	0.956968245029	0.793020912069	0.76160424009	0.864481135838	0.983973769688	0.992832161113	0.998866213152	0.889105421125	0.889963002745	0.902612983178	0.896491095279	0.0	0.924780328798	0.899391692805	0.856135046611	0.596911345183	0.954553771557	0.817634746206	0.972661107454	0.871767787841	0.770562770563	0.842945437762	0.869373281227	0.981880351085	0.989393606905	0.97619047619	0.925595238095	0.84865384394	0.978824482898	0.967800453515	0.944414745868	0.914944794117	0.917840627064	0.901137199066	0.924481184879	0.955487217718	0.791156462585	0.607521088435	0.803602922651	0.975469519382	0.985622268231	0.975842781557	0.928946578631	0.95864267873	0.967540102461	0.970963526654	0.970241280033	0.977166060223	0.841058002148	0.905633130445	0.985742630385	0.980200091482	0.981540320719	0.982993197279	0.988662131519	0.968436591639	0.910168434186	0.682336794367	0.554963278844	0.915634514098	0.87350504718	0.794887652031	0.736271448328	0.839047619048	0.97680633991	0.89377414966	0.96146738648	0.985306426821	0.952627791584	0.833606016246	0.971432503637	0.78012354367	0.797499281403	0.850258488556	0.916164767393	0.888676813651	0.988259478246	0.874809072986	0.984121189646	0.937884466232	0.874318521735
CO1.141714	0.936858339337	0.90669732024	0.906677746623	0.997395833333	0.897491381894	0.895319634703	0.919029985549	0.812487999232	0.766352181888	0.824170524691	0.856692394578	0.788440902429	0.916088521557	0.949476224105	0.968144991582	0.838925038683	0.851492011278	0.829639050388	0.897314702133	0.924780328798	0.0	0.64410242016	0.816165123457	0.935567876344	0.813423090778	0.826682013255	0.863692876344	0.813370570201	0.847182765152	0.754747418879	0.907625960402	0.89249051781	0.925037202381	0.95994343638	0.868489583333	0.851767396362	0.918018258872	0.817958120748	0.801148401387	0.818627962283	0.788211532152	0.792211724806	0.747588124121	0.947215936888	0.823748445274	0.925627083333	0.890239197531	0.942433487247	0.978241998792	0.955596064815	0.954273897059	0.962834443739	0.978539737654	0.972999899112	0.841595187935	0.852067183463	0.836499451754	0.653527046784	0.938058035714	0.954186784692	0.945055202096	0.94087866356	0.969251271518	0.956078719239	0.943623771834	0.959122415414	0.944820169983	0.805501950531	0.887558803763	0.934337797619	0.886800024382	0.892775297619	0.789739278306	0.776847916667	0.783298116845	0.795913730425	0.767008763838	0.766861155063	0.858810513006	0.816508877258	0.917895393192	0.868461879433	0.944715366242	0.945865182854	0.905358185915	0.810564261869	0.862944083617	0.709366840731	0.728050595238
CO2.141657	0.935982501855	0.911636779703	0.915017288144	0.997005988024	0.872218153621	0.840021327209	0.846241043924	0.827113054996	0.66313824388	0.810887484291	0.82471202174	0.807540697499	0.875295740565	0.930898090824	0.916555777334	0.745080131514	0.890455179866	0.777127141067	0.908439032922	0.899391692805	0.64410242016	0.0	0.813622754491	0.907193677162	0.730383613177	0.795884111828	0.783349430172	0.839214965203	0.855885631335	0.727701991718	0.93711867046	0.812076374955	0.869420145883	0.979948704741	0.88690327678	0.858513936594	0.898055599827	0.663479164121	0.723688216787	0.816357938329	0.794859100696	0.806314866846	0.700887255026	0.979159098632	0.829739029404	0.904665868263	0.890367413322	0.935328551341	0.950509608802	0.936001330672	0.963312345896	0.984444815952	0.976799487445	0.990952719259	0.761601195682	0.739188290086	0.823967853766	0.688426655461	0.882003849444	0.926942252833	0.920658682635	0.894008579276	0.948354464779	0.940993851224	0.94868124014	0.944468956823	0.906100733856	0.831076890045	0.912690747537	0.923594369702	0.874148322341	0.889925862561	0.619922672956	0.738409580838	0.671489760692	0.734708435478	0.810620456504	0.71881553349	0.815294266957	0.794273521922	0.90902701639	0.899582994404	0.960178369376	0.943361478482	0.872514650272	0.782236713517	0.762072958002	0.653730398211	0.719827821561
CO3.141651	0.883294197175	0.781297775805	0.789980525629	0.996913580247	0.930786481926	0.926999830881	0.933963105688	0.729091995221	0.921478804692	0.722222222222	0.728450840399	0.822507599727	0.936436436436	0.970522075748	0.973344556678	0.870223008154	0.745356446672	0.829773184037	0.819899465994	0.856135046611	0.816165123457	0.813622754491	0.0	0.819195539626	0.888973387412	0.848336874467	0.897520908005	0.842848304079	0.822831489498	0.836052972484	0.858320199632	0.928189843317	0.939928599875	0.90651135006	0.720100308642	0.822107852353	0.92460568934	0.910714285714	0.872037227263	0.880358997181	0.852204238359	0.89508917262	0.851734646038	0.917651180208	0.757748295559	0.811283950617	0.83950617284	0.952009837454	0.943773483629	0.948395061728	0.873865286855	0.904932004763	0.963477366255	0.957813947927	0.924873174405	0.928151019236	0.885152696556	0.834129304743	0.950374779541	0.962505960897	0.946588304872	0.933867078856	0.94416188489	0.937795177728	0.943635775514	0.863635941706	0.86737608255	0.78510648763	0.862704101951	0.886944845278	0.770483151118	0.828324514991	0.92173011225	0.873069135802	0.903030402882	0.880696412296	0.780636417475	0.703547429286	0.924793049311	0.704205436964	0.816662319597	0.830577781819	0.888476055674	0.853816946443	0.960327762119	0.84859599956	0.924742885986	0.857565354737	0.731767608541
CR1.141682	0.84365219547	0.824839282391	0.783930877799	1.0	0.975332637116	0.973040948593	0.971067188763	0.733102918587	0.960247905275	0.749452409399	0.761254696204	0.890298265521	0.969314360443	0.990857177571	0.989573150863	0.873452696729	0.884675398173	0.876906726682	0.90423153424	0.596911345183	0.935567876344	0.907193677162	0.819195539626	0.0	0.943064206253	0.824501268733	0.970430107527	0.867303043895	0.763981985756	0.848638242051	0.856726149623	0.973465826879	0.978686635945	0.951612903226	0.891633064516	0.83619889744	0.969315998201	0.962233925828	0.948464966781	0.920914265616	0.912560325121	0.906540973479	0.90929404292	0.942183258633	0.756198844487	0.572531182796	0.797341696535	0.969383919199	0.972598826035	0.961266427718	0.927933270082	0.948931553954	0.967658967211	0.967732172147	0.955722829182	0.975035425523	0.855503678551	0.90774382192	0.972676651306	0.978517698094	0.967130255618	0.965805318834	0.972013983543	0.954986649347	0.914770859746	0.644843964751	0.592173540898	0.897228291137	0.865591397849	0.791614299679	0.693328159738	0.820652841782	0.972277979817	0.911806451613	0.95085715379	0.980858050083	0.937036265524	0.837025316456	0.975759835913	0.79678478733	0.786214599425	0.857920648329	0.914175398945	0.87851009515	0.99061831546	0.873903193899	0.968992141562	0.938063252758	0.850201817172
DF1.141684	0.896253602305	0.887750050845	0.883053837524	0.991354466859	0.804219103104	0.726461647783	0.746193633289	0.931528528489	0.707799535724	0.93640374284	0.948311979908	0.78959156976	0.775275481327	0.859158675111	0.853666346462	0.588461920669	0.782156399645	0.623349641445	0.800549514415	0.954553771557	0.813423090778	0.730383613177	0.888973387412	0.943064206253	0.0	0.785018917975	0.578957887887	0.908549026417	0.95024140125	0.86498686593	0.979939501707	0.733094827127	0.769029690523	0.951891791392	0.826408901697	0.848904313989	0.77175902083	0.708159344429	0.738147360382	0.670301997284	0.730770685365	0.793762837217	0.676672057459	0.988365469752	0.833820809497	0.944945244957	0.879398370513	0.860306585661	0.84497904746	0.811098302914	0.981765977284	0.97509472052	0.995677233429	0.995157384988	0.69805857129	0.732223041351	0.895870620355	0.703355410621	0.781005557843	0.845518299093	0.814366943347	0.76064577602	0.836661660646	0.829415120979	0.846836473159	0.94386253819	0.950846153479	0.911420600021	0.956783954634	0.95347567898	0.964925068299	0.980902977906	0.648486715246	0.846980979827	0.657875844811	0.817433224378	0.842450312111	0.827273759003	0.775854697295	0.90278625611	0.972040697596	0.927116693473	0.982861897857	0.983192696563	0.904531690669	0.893615474735	0.740064510111	0.742699452976	0.823879015092
DF2.141726	0.786116047778	0.760711923433	0.742374013438	0.998696219035	0.882248881468	0.87813577182	0.927822911878	0.816697608934	0.878553060116	0.846049221755	0.843802851563	0.70621032149	0.90439275185	0.958279009126	0.972785218548	0.723103897856	0.810591014694	0.773252781905	0.823198959877	0.817634746206	0.826682013255	0.795884111828	0.848336874467	0.824501268733	0.785018917975	0.0	0.850052571813	0.830526603628	0.80589608132	0.750549285723	0.909851097734	0.891043127973	0.924162405846	0.938726967705	0.807183018253	0.726672578905	0.869029501143	0.846152072302	0.807751570463	0.71988205047	0.763339800908	0.740413821148	0.76265868628	0.968699051123	0.730284691276	0.821682398957	0.772878539121	0.901875862164	0.926608258959	0.90986334444	0.967276056446	0.96658813096	0.990873533246	0.983982119575	0.849849636176	0.882930913085	0.701717216771	0.744571772761	0.924152542373	0.933070711932	0.924427546472	0.909973607416	0.937414432998	0.908510014613	0.774918442523	0.832539628079	0.833857656524	0.855527044365	0.885940194305	0.859743363981	0.859371370733	0.872045694419	0.861039474212	0.785178617992	0.836855707174	0.893068085367	0.904354917082	0.760769945923	0.873719141966	0.812777909797	0.897772554493	0.862853338511	0.953512319484	0.947592382417	0.947034115892	0.784514409294	0.886502202213	0.831701621386	0.764950880349
DF3.141696	0.923826345635	0.910560113397	0.932556836749	0.990322580645	0.717010907403	0.581042863456	0.660898750699	0.955222734255	0.714054088424	0.960653126245	0.966621324006	0.831320581402	0.646979698593	0.71738958751	0.771499945693	0.581090100111	0.808452583071	0.617179294824	0.863208309031	0.972661107454	0.863692876344	0.783349430172	0.897520908005	0.970430107527	0.578957887887	0.850052571813	0.0	0.94356520764	0.961143695015	0.896509114636	0.990433157935	0.539939569325	0.632181259601	0.955197132616	0.842215501792	0.890093335517	0.708855635962	0.64359227562	0.680120781351	0.745628580042	0.779155024977	0.85717973611	0.761623792024	0.995161290323	0.896701974001	0.963161290323	0.920390282756	0.852515107669	0.824331203574	0.814205495818	0.98619544592	0.985934173899	0.998387096774	0.992736077482	0.6250478952	0.581020255064	0.937054329372	0.791548764384	0.66180875576	0.708860584245	0.729553795635	0.689640299054	0.819804129436	0.816886772029	0.893231441048	0.967875333495	0.97710105387	0.928376815319	0.979838709677	0.972475911186	0.970504215781	0.990768049155	0.661776791196	0.887729032258	0.715382849271	0.83526737389	0.881734317343	0.86146953405	0.722788861955	0.946308067165	0.98489323035	0.953011984584	0.988281624546	0.984741239267	0.899041733063	0.931037618455	0.646153212068	0.803554282827	0.877983135602
GB1.141665	0.916780482266	0.908773624353	0.905584631406	0.993047508691	0.958883599957	0.948480134605	0.971344416239	0.807266830778	0.923044478586	0.724720326738	0.744945017614	0.822893921131	0.958033020605	0.981313815731	0.985045511117	0.888188448783	0.897542233335	0.893269826727	0.914010865484	0.871767787841	0.813370570201	0.839214965203	0.842848304079	0.867303043895	0.908549026417	0.830526603628	0.94356520764	0.0	0.656897563618	0.757497806288	0.823212774176	0.966270939259	0.969171236693	0.927941622331	0.90620171881	0.8525095435	0.962267974922	0.92941408313	0.898499697368	0.873569548893	0.845536689142	0.850150510499	0.852527652695	0.803477606221	0.78351464001	0.869506373117	0.849832982848	0.961314919728	0.985899093713	0.96761340715	0.868933610524	0.881754709989	0.947098121683	0.911017650574	0.937418278468	0.950133390822	0.785046045008	0.835034864101	0.967364674723	0.976695726555	0.975133741786	0.968494058831	0.979022843123	0.966359352034	0.94111465876	0.880134867877	0.886517585883	0.792348566337	0.83351399843	0.810433000757	0.77834300464	0.831030182641	0.929370628184	0.853671378911	0.917524731653	0.925404589889	0.816939107977	0.791961446757	0.94828721782	0.754124593059	0.806809959797	0.763418061685	0.869681381051	0.862572977539	0.951710043674	0.833128174094	0.953312500864	0.847541365508	0.792997848038
GB2.141732	0.898337013611	0.877309330705	0.859496870713	0.994588744589	0.979093089165	0.976629306766	0.983403398143	0.691314062282	0.947434737842	0.696248196248	0.713959735044	0.819334769084	0.977067977068	0.985973536821	0.984126984127	0.877760170864	0.895420369105	0.896209604349	0.911277989512	0.770562770563	0.847182765152	0.855885631335	0.822831489498	0.763981985756	0.95024140125	0.80589608132	0.961143695015	0.656897563618	0.0	0.688359575528	0.767676767677	0.976932917566	0.984569194247	0.95495275334	0.905100108225	0.864301096535	0.9718326667	0.962306740878	0.920775552131	0.893170692236	0.886874936088	0.860700516993	0.881514055565	0.859796596098	0.769464366479	0.750744588745	0.815456148789	0.973820374876	0.982182069139	0.975276575277	0.86974789916	0.915469048718	0.9506440062	0.90632108005	0.960066151077	0.974932044699	0.769662793347	0.839124325966	0.971915584416	0.976246214444	0.975775721285	0.983771495927	0.987846269536	0.97261686859	0.932673585512	0.80340624288	0.804457151472	0.840577085597	0.799076595448	0.733766233766	0.680969550605	0.77038961039	0.950281416972	0.848851948052	0.949041764878	0.959520904152	0.891351575853	0.80998502201	0.964022971248	0.750186595014	0.749009206756	0.771641479088	0.856632751537	0.851241085054	0.974926164179	0.772435032821	0.978495099449	0.897584573825	0.797849313807
